genename	AIC	lnL	k	AICC
ENSG00000049656	49.9828800896543	-21.9914400448272	3	57.9828800896543
ENSG00000151882	45.7711024895594	-19.8855512447797	3	53.7711024895594
ENSG00000151465	56.0650251106386	-25.0325125553193	3	64.0650251106386
ENSG00000066855	43.2978951481436	-18.6489475740718	3	51.2978951481436
ENSG00000123575	46.5990747715486	-20.2995373857743	3	54.5990747715486
ENSG00000123572	17.4391984596365	-5.71959922981826	3	25.4391984596365
ENSG00000123570	19.590046393089	-6.79502319654448	3	27.590046393089
ENSG00000003393	39.6763575946512	-16.8381787973256	3	47.6763575946512
ENSG00000149557	42.4780929384357	-18.2390464692178	3	50.4780929384357
ENSG00000102239	-4.33794652097331	5.16897326048666	3	3.66205347902669
ENSG00000102543	47.3797868713473	-20.6898934356737	3	55.3797868713473
ENSG00000102230	18.5511164058877	-6.27555820294386	3	26.5511164058877
ENSG00000159197	43.3075296241139	-18.6537648120569	3	51.3075296241139
ENSG00000167098	18.8684219258873	-6.43421096294364	3	26.8684219258873
ENSG00000143921	16.9310137793834	-5.46550688969172	3	24.9310137793834
ENSG00000035681	52.7393324417553	-23.3696662208776	3	60.7393324417553
ENSG00000171209	132.700365863559	-63.3501829317795	3	140.700365863559
ENSG00000171206	58.8727643776564	-26.4363821888282	3	66.8727643776564
ENSG00000171204	53.785056927095	-23.8925284635475	3	61.785056927095
ENSG00000167094	17.5441091047632	-5.77205455238159	3	25.5441091047632
ENSG00000180776	58.6997595437276	-26.3498797718638	3	66.6997595437276
ENSG00000057019	57.6909883646668	-25.8454941823334	3	65.6909883646668
ENSG00000180772	1.88659457673513	2.05670271163243	3	9.88659457673513
ENSG00000111224	48.8476601368841	-21.423830068442	3	56.8476601368841
ENSG00000166946	65.7335768201455	-29.8667884100728	3	73.7335768201455
ENSG00000166947	35.9515640973702	-14.9757820486851	3	43.9515640973702
ENSG00000188015	30.8648843859789	-12.4324421929894	3	38.8648843859789
ENSG00000184454	45.2778726236566	-19.6389363118283	3	53.2778726236566
ENSG00000106341	8.56355834251689	-1.28177917125845	3	16.5635583425169
ENSG00000132718	15.4465728491503	-4.72328642457513	3	23.4465728491503
ENSG00000184459	11.7766481560526	-2.88832407802629	3	19.7766481560526
ENSG00000214642	18.5508429192345	-6.27542145961727	3	26.5508429192345
ENSG00000240771	38.5823371846217	-16.2911685923108	3	46.5823371846217
ENSG00000163738	34.4855736542074	-14.2427868271037	3	42.4855736542074
ENSG00000184937	-13.266688923112	9.63334446155602	3	-5.26668892311204
ENSG00000141956	12.6732208366944	-3.3366104183472	3	20.6732208366944
ENSG00000257987	47.4145664500876	-20.7072832250438	3	55.4145664500876
ENSG00000062582	75.4192081751967	-34.7096040875984	3	83.4192081751967
ENSG00000166509	28.9153962502453	-11.4576981251227	3	36.9153962502453
ENSG00000114767	38.5598783822291	-16.2799391911146	3	46.5598783822291
ENSG00000126970	33.6710497549163	-13.8355248774582	3	41.6710497549163
ENSG00000115414	81.0930855594242	-37.5465427797121	3	89.0930855594242
ENSG00000028839	51.5299115155773	-22.7649557577887	3	59.5299115155773
ENSG00000214681	14.539523470866	-4.26976173543299	3	22.539523470866
ENSG00000167394	17.1658877194805	-5.58294385974023	3	25.1658877194805
ENSG00000205423	53.3400509694858	-23.6700254847429	3	61.3400509694858
ENSG00000105011	6.97805122839699	-0.489025614198496	3	14.978051228397
ENSG00000148358	43.5899567196405	-18.7949783598202	3	51.5899567196405
ENSG00000167395	30.2493802475541	-12.1246901237771	3	38.2493802475541
ENSG00000109576	62.6884235344593	-28.3442117672297	3	70.6884235344593
ENSG00000004487	34.7268808833664	-14.3634404416832	3	42.7268808833664
ENSG00000025156	41.1541926580292	-17.5770963290146	3	49.1541926580292
ENSG00000172116	19.3149916134935	-6.65749580674674	3	27.3149916134935
ENSG00000157191	49.0436798788625	-21.5218399394313	3	57.0436798788625
ENSG00000136451	45.1440660770831	-19.5720330385415	3	53.1440660770831
ENSG00000136450	65.933969119956	-29.966984559978	3	73.933969119956
ENSG00000187051	82.514597507226	-38.257298753613	3	90.514597507226
ENSG00000146350	31.0770207837865	-12.5385103918933	3	39.0770207837865
ENSG00000158615	38.8090026800585	-16.4045013400293	3	46.8090026800585
ENSG00000164548	52.2484234194769	-23.1242117097384	3	60.2484234194769
ENSG00000164542	11.7377919237634	-2.86889596188171	3	19.7377919237634
ENSG00000141371	9.2391174000412	-1.6195587000206	3	17.2391174000412
ENSG00000060982	45.5026565418449	-19.7513282709224	3	53.5026565418449
ENSG00000124568	18.3511380254007	-6.17556901270034	3	26.3511380254007
ENSG00000127980	48.3638028258109	-21.1819014129054	3	56.3638028258109
ENSG00000159377	77.9539754053708	-35.9769877026854	3	85.9539754053708
ENSG00000162069	13.9357181087242	-3.96785905436211	3	21.9357181087242
ENSG00000116990	12.9551102991323	-3.47755514956617	3	20.9551102991323
ENSG00000162066	44.6517578672587	-19.3258789336294	3	52.6517578672587
ENSG00000127989	44.6972434687138	-19.3486217343569	3	52.6972434687138
ENSG00000162063	2.413678037841	1.7931609810795	3	10.413678037841
ENSG00000275489	24.4780694878151	-9.23903474390756	3	32.4780694878151
ENSG00000116996	-17.4697874688739	11.7348937344369	3	-9.46978746887385
ENSG00000157999	11.943462058337	-2.97173102916848	3	19.943462058337
ENSG00000130856	47.5567674491662	-20.7783837245831	3	55.5567674491662
ENSG00000198523	95.7638786912709	-44.8819393456354	3	103.763878691271
ENSG00000186329	22.0810145574348	-8.04050727871741	3	30.0810145574348
ENSG00000157224	27.2169256848635	-10.6084628424317	3	35.2169256848635
ENSG00000011114	39.9142372778176	-16.9571186389088	3	47.9142372778176
ENSG00000091482	94.9088472842304	-44.4544236421152	3	102.90884728423
ENSG00000165490	4.45135734550021	0.774321327249894	3	12.4513573455002
ENSG00000165495	17.7166632795426	-5.8583316397713	3	25.7166632795426
ENSG00000165494	50.0298866162313	-22.0149433081156	3	58.0298866162313
ENSG00000137494	30.8092528658718	-12.4046264329359	3	38.8092528658718
ENSG00000137496	47.3056700285709	-20.6528350142854	3	55.3056700285709
ENSG00000137497	59.2466399098713	-26.6233199549357	3	67.2466399098713
ENSG00000137491	57.6501073684909	-25.8250536842454	3	65.6501073684909
ENSG00000174564	21.216943415761	-7.6084717078805	3	29.216943415761
ENSG00000116199	36.7916447854201	-15.39582239271	3	44.7916447854201
ENSG00000197037	34.0873172316399	-14.0436586158199	3	42.0873172316399
ENSG00000113812	44.1665268275759	-19.083263413788	3	52.1665268275759
ENSG00000113810	46.7983881393783	-20.3991940696892	3	54.7983881393783
ENSG00000168003	59.7634390027029	-26.8817195013515	3	67.7634390027029
ENSG00000204334	39.9589260591688	-16.9794630295844	3	47.9589260591688
ENSG00000073331	45.5039861464724	-19.7519930732362	3	53.5039861464724
ENSG00000119318	63.978436843741	-28.9892184218705	3	71.978436843741
ENSG00000101844	52.8351234976531	-23.4175617488265	3	60.8351234976531
ENSG00000101843	46.6058105025334	-20.3029052512667	3	54.6058105025334
ENSG00000169905	46.5586054728731	-20.2793027364365	3	54.5586054728731
ENSG00000159873	50.1143927321014	-22.0571963660507	3	58.1143927321014
ENSG00000159871	4.84248925644679	0.578755371776605	3	12.8424892564468
ENSG00000180878	25.8841229336948	-9.94206146684739	3	33.8841229336948
ENSG00000168004	55.015837516496	-24.507918758248	3	63.015837516496
ENSG00000005175	42.7076177848542	-18.3538088924271	3	50.7076177848542
ENSG00000185475	51.5721001476843	-22.7860500738422	3	59.5721001476843
ENSG00000165233	43.2634975458861	-18.631748772943	3	51.2634975458861
ENSG00000068323	46.0424488346998	-20.0212244173499	3	54.0424488346998
ENSG00000101158	42.2531606699317	-18.1265803349659	3	50.2531606699317
ENSG00000121207	36.4644395598753	-15.2322197799376	3	44.4644395598753
ENSG00000174004	28.0979707534301	-11.0489853767151	3	36.0979707534301
ENSG00000196405	45.2214164760609	-19.6107082380305	3	53.2214164760609
ENSG00000101150	64.9017783079697	-29.4508891539849	3	72.9017783079697
ENSG00000101152	60.3176955110813	-27.1588477555406	3	68.3176955110813
ENSG00000104859	38.7483160150874	-16.3741580075437	3	46.7483160150874
ENSG00000175203	71.8662482191948	-32.9331241095974	3	79.8662482191948
ENSG00000104853	53.7416963849982	-23.8708481924991	3	61.7416963849982
ENSG00000175206	18.0513015749366	-6.0256507874683	3	26.0513015749366
ENSG00000213699	30.0238551458806	-12.0119275729403	3	38.0238551458806
ENSG00000151692	54.754143767129	-24.3770718835645	3	62.754143767129
ENSG00000090061	38.2088704385036	-16.1044352192518	3	46.2088704385036
ENSG00000151690	32.3579794399191	-13.1789897199596	3	40.3579794399191
ENSG00000226807	-26.9043091559915	16.4521545779957	3	-18.9043091559915
ENSG00000129255	46.5475170896416	-20.2737585448208	3	54.5475170896416
ENSG00000170786	77.2345217125703	-35.6172608562852	3	85.2345217125703
ENSG00000196663	32.0430196181392	-13.0215098090696	3	40.0430196181392
ENSG00000121060	53.0124766829093	-23.5062383414547	3	61.0124766829093
ENSG00000170962	74.4683626105288	-34.2341813052644	3	82.4683626105288
ENSG00000170788	2.71078050281651	1.64460974859175	3	10.7107805028165
ENSG00000121064	71.1387184193056	-32.5693592096528	3	79.1387184193056
ENSG00000171566	52.0205707779313	-23.0102853889656	3	60.0205707779313
ENSG00000171564	56.0063085084586	-25.0031542542293	3	64.0063085084586
ENSG00000171560	52.5716664181889	-23.2858332090945	3	60.5716664181889
ENSG00000111412	45.2904285553319	-19.6452142776659	3	53.2904285553319
ENSG00000145685	55.1436986843207	-24.5718493421604	3	63.1436986843207
ENSG00000120334	26.3869312609616	-10.1934656304808	3	34.3869312609616
ENSG00000120337	2.06094842908498	1.96952578545751	3	10.060948429085
ENSG00000161800	24.124415665032	-9.06220783251598	3	32.124415665032
ENSG00000117318	83.6586463967621	-38.8293231983811	3	91.6586463967621
ENSG00000082438	59.3864689867797	-26.6932344933898	3	67.3864689867797
ENSG00000185002	-15.93186627304	10.96593313652	3	-7.93186627303998
ENSG00000185000	46.327937178394	-20.163968589197	3	54.327937178394
ENSG00000163636	64.3518903529143	-29.1759451764571	3	72.3518903529143
ENSG00000140598	34.9845747351254	-14.4922873675627	3	42.9845747351254
ENSG00000156471	41.1064698842089	-17.5532349421044	3	49.1064698842089
ENSG00000203963	8.13367710498844	-1.06683855249422	3	16.1336771049884
ENSG00000089248	70.7674943781615	-32.3837471890807	3	78.7674943781615
ENSG00000106236	2.70766389858111	1.64616805070945	3	10.7076638985811
ENSG00000109016	46.0283461692223	-20.0141730846111	3	54.0283461692223
ENSG00000103550	34.4843024033817	-14.2421512016909	3	42.4843024033817
ENSG00000164073	61.5952118939308	-27.7976059469654	3	69.5952118939308
ENSG00000152102	48.4195800575092	-21.2097900287546	3	56.4195800575092
ENSG00000174915	53.6628170179362	-23.8314085089681	3	61.6628170179362
ENSG00000205683	13.8072741463365	-3.90363707316825	3	21.8072741463365
ENSG00000102934	32.950325451343	-13.4751627256715	3	40.950325451343
ENSG00000131368	60.445163359925	-27.2225816799625	3	68.445163359925
ENSG00000135390	82.9238727022763	-38.4619363511382	3	90.9238727022763
ENSG00000142192	75.1052575325365	-34.5526287662682	3	83.1052575325365
ENSG00000118690	32.8479467225088	-13.4239733612544	3	40.8479467225088
ENSG00000123329	30.2283465820899	-12.114173291045	3	38.2283465820899
ENSG00000184209	33.2981104664473	-13.6490552332237	3	41.2981104664473
ENSG00000136840	38.9571582121934	-16.4785791060967	3	46.9571582121934
ENSG00000136842	55.7656558027635	-24.8828279013818	3	63.7656558027635
ENSG00000110321	65.7447450911949	-29.8723725455975	3	73.7447450911949
ENSG00000166920	62.2462574897994	-28.1231287448997	3	70.2462574897994
ENSG00000146038	24.5387329122808	-9.26936645614041	3	32.5387329122808
ENSG00000132549	40.3692317251584	-17.1846158625792	3	48.3692317251584
ENSG00000110324	41.3146347377606	-17.6573173688803	3	49.3146347377606
ENSG00000184205	39.7403754883089	-16.8701877441545	3	47.7403754883089
ENSG00000163125	40.1748929363287	-17.0874464681643	3	48.1748929363287
ENSG00000163121	26.4112443167498	-10.2056221583749	3	34.4112443167498
ENSG00000069122	60.9309991052096	-27.4654995526048	3	68.9309991052096
ENSG00000240563	54.1678937848849	-24.0839468924425	3	62.1678937848849
ENSG00000189001	11.0500636851662	-2.5250318425831	3	19.0500636851662
ENSG00000189007	30.3765578022066	-12.1882789011033	3	38.3765578022066
ENSG00000143028	13.2605734251051	-3.63028671255254	3	21.2605734251051
ENSG00000167157	48.5498405970009	-21.2749202985005	3	56.5498405970009
ENSG00000166575	68.5627222767403	-31.2813611383701	3	76.5627222767403
ENSG00000182334	-33.9809409357982	19.9904704678991	3	-25.9809409357982
ENSG00000188976	39.2141033026098	-16.6070516513049	3	47.2141033026098
ENSG00000162650	23.2366547883996	-8.6183273941998	3	31.2366547883996
ENSG00000106344	47.4106881304821	-20.7053440652411	3	55.4106881304821
ENSG00000185917	33.0670923240201	-13.53354616201	3	41.0670923240201
ENSG00000166579	45.7488768099841	-19.874438404992	3	53.7488768099841
ENSG00000166578	9.1320563785515	-1.56602818927575	3	17.1320563785515
ENSG00000088356	70.6619291234682	-32.3309645617341	3	78.6619291234682
ENSG00000181585	34.4441979266692	-14.2220989633346	3	42.4441979266692
ENSG00000204655	30.4309315789778	-12.2154657894889	3	38.4309315789778
ENSG00000204659	6.24819234337489	-0.124096171687444	3	14.2481923433749
ENSG00000115310	82.0693165283454	-38.0346582641727	3	90.0693165283454
ENSG00000115317	46.8782409577095	-20.4391204788547	3	54.8782409577095
ENSG00000035141	58.3558844769573	-26.1779422384786	3	66.3558844769573
ENSG00000163380	46.0792422754208	-20.0396211377104	3	54.0792422754208
ENSG00000028137	46.522101677432	-20.261050838716	3	54.522101677432
ENSG00000163389	28.9539845992673	-11.4769922996337	3	36.9539845992673
ENSG00000105227	41.0170634604273	-17.5085317302137	3	49.0170634604273
ENSG00000105223	62.6865499753609	-28.3432749876805	3	70.6865499753609
ENSG00000114405	60.18211460567	-27.091057302835	3	68.18211460567
ENSG00000071889	60.7944213750409	-27.3972106875205	3	68.7944213750409
ENSG00000114956	48.8933187425316	-21.4466593712658	3	56.8933187425316
ENSG00000108506	27.7406776665269	-10.8703388332634	3	35.7406776665268
ENSG00000108509	33.673858311435	-13.8369291557175	3	41.673858311435
ENSG00000071127	67.1478233920085	-30.5739116960043	3	75.1478233920085
ENSG00000148834	93.9702097211527	-43.9851048605763	3	101.970209721153
ENSG00000004700	49.9405903004314	-21.9702951502157	3	57.9405903004314
ENSG00000133636	-19.5837023990814	12.7918511995407	3	-11.5837023990814
ENSG00000141562	38.651845113656	-16.325922556828	3	46.651845113656
ENSG00000141564	26.1194151314482	-10.0597075657241	3	34.1194151314482
ENSG00000115368	61.0664616540527	-27.5332308270264	3	69.0664616540527
ENSG00000141569	30.2527858269933	-12.1263929134966	3	38.2527858269933
ENSG00000108039	47.0722248936142	-20.5361124468071	3	55.0722248936142
ENSG00000138629	49.9857105662036	-21.9928552831018	3	57.9857105662036
ENSG00000133639	95.7795987516204	-44.8897993758102	3	103.77959875162
ENSG00000180182	47.7303716665074	-20.8651858332537	3	55.7303716665074
ENSG00000139971	30.2618763223804	-12.1309381611902	3	38.2618763223804
ENSG00000139970	47.6071967541512	-20.8035983770756	3	55.6071967541512
ENSG00000139973	27.5191238204997	-10.7595619102499	3	35.5191238204997
ENSG00000173699	-7.58614203872146	6.79307101936073	3	0.413857961278538
ENSG00000139974	47.4074447852245	-20.7037223926122	3	55.4074447852245
ENSG00000139977	47.3476806038079	-20.6738403019039	3	55.3476806038079
ENSG00000173692	47.8119374428714	-20.9059687214357	3	55.8119374428714
ENSG00000122490	45.3127414384119	-19.656370719206	3	53.3127414384119
ENSG00000173926	35.5520486396048	-14.7760243198024	3	43.5520486396048
ENSG00000165006	48.9762818484591	-21.4881409242296	3	56.9762818484591
ENSG00000178409	1.73992075242773	2.13003962378614	3	9.73992075242773
ENSG00000105538	33.7299735251416	-13.8649867625708	3	41.7299735251416
ENSG00000158286	17.8678190095865	-5.93390950479327	3	25.8678190095865
ENSG00000183421	25.8466555517208	-9.92332777586038	3	33.8466555517208
ENSG00000137393	51.5074984573697	-22.7537492286849	3	59.5074984573697
ENSG00000137392	16.2444686890106	-5.12223434450532	3	24.2444686890106
ENSG00000137821	29.3437065564816	-11.6718532782408	3	37.3437065564816
ENSG00000137822	31.7184507777504	-12.8592253888752	3	39.7184507777504
ENSG00000187513	42.6553511075938	-18.3276755537969	3	50.6553511075938
ENSG00000162384	75.8324434960875	-34.9162217480437	3	83.8324434960875
ENSG00000112333	10.8700755628323	-2.43503778141614	3	18.8700755628323
ENSG00000186174	44.8313133042978	-19.4156566521489	3	52.8313133042978
ENSG00000138100	37.9470328417786	-15.9735164208893	3	45.9470328417786
ENSG00000113318	42.0631294352802	-18.0315647176401	3	50.0631294352802
ENSG00000085185	18.671047588846	-6.33552379442302	3	26.671047588846
ENSG00000145715	54.0688851739752	-24.0344425869876	3	62.0688851739752
ENSG00000183520	68.6269668373011	-31.3134834186506	3	76.6269668373011
ENSG00000138085	56.7758310110142	-25.3879155055071	3	64.7758310110142
ENSG00000138080	39.2035730445594	-16.6017865222797	3	47.2035730445594
ENSG00000138081	42.4608200277269	-18.2304100138634	3	50.4608200277269
ENSG00000275342	19.6145974686501	-6.80729873432507	3	27.6145974686501
ENSG00000116830	32.9977368862941	-13.498868443147	3	40.9977368862941
ENSG00000080603	39.4625735117245	-16.7312867558623	3	47.4625735117245
ENSG00000158864	75.5364224310554	-34.7682112155277	3	83.5364224310554
ENSG00000196872	25.5827592405538	-9.79137962027689	3	33.5827592405538
ENSG00000004961	52.0853947548829	-23.0426973774414	3	60.0853947548829
ENSG00000196878	39.7544279389316	-16.8772139694658	3	47.7544279389316
ENSG00000133858	52.3544601845818	-23.1772300922909	3	60.3544601845818
ENSG00000100307	47.9048641225296	-20.9524320612648	3	55.9048641225296
ENSG00000100304	59.0870754660231	-26.5435377330116	3	67.0870754660231
ENSG00000100302	23.0955576609534	-8.5477788304767	3	31.0955576609534
ENSG00000100300	80.2967605001565	-37.1483802500783	3	88.2967605001565
ENSG00000001084	55.9920767396481	-24.996038369824	3	63.9920767396481
ENSG00000100652	38.0687896067751	-16.0343948033875	3	46.0687896067751
ENSG00000152377	43.136418219596	-18.568209109798	3	51.136418219596
ENSG00000156869	37.2345139278575	-15.6172569639287	3	45.2345139278575
ENSG00000110660	38.8272557248137	-16.4136278624068	3	46.8272557248137
ENSG00000156860	36.3220334463375	-15.1610167231688	3	44.3220334463375
ENSG00000106025	65.3739794748137	-29.6869897374069	3	73.3739794748137
ENSG00000164066	39.5266075392107	-16.7633037696053	3	47.5266075392107
ENSG00000164061	-14.0199107584368	10.0099553792184	3	-6.01991075843681
ENSG00000164062	44.9938355329714	-19.4969177664857	3	52.9938355329714
ENSG00000155368	106.516037369607	-50.2580186848035	3	114.516037369607
ENSG00000100162	14.1365305458846	-4.0682652729423	3	22.1365305458846
ENSG00000155363	33.7986194161064	-13.8993097080532	3	41.7986194161064
ENSG00000182923	46.3065543159626	-20.1532771579813	3	54.3065543159626
ENSG00000100167	30.6699359017395	-12.3349679508697	3	38.6699359017395
ENSG00000161654	49.3248258825066	-21.6624129412533	3	57.3248258825066
ENSG00000161653	8.573085354362	-1.286542677181	3	16.573085354362
ENSG00000160294	43.6441189197609	-18.8220594598804	3	51.6441189197609
ENSG00000106538	90.4987324178382	-42.2493662089191	3	98.4987324178382
ENSG00000140905	66.8663580450408	-30.4331790225204	3	74.8663580450408
ENSG00000125772	61.0371341457131	-27.5185670728566	3	69.0371341457131
ENSG00000160838	15.7698656682578	-4.88493283412888	3	23.7698656682578
ENSG00000170571	49.1254188263357	-21.5627094131679	3	57.1254188263357
ENSG00000170577	5.7613329930835	0.11933350345825	3	13.7613329930835
ENSG00000160298	18.4433603459443	-6.22168017297216	3	26.4433603459443
ENSG00000125775	7.89633641760232	-0.94816820880116	3	15.8963364176023
ENSG00000110400	20.3751907015069	-7.18759535075347	3	28.3751907015069
ENSG00000186897	-7.1204829442604	6.5602414721302	3	0.879517055739598
ENSG00000171992	49.6192977871919	-21.809648893596	3	57.6192977871919
ENSG00000164902	53.482849426542	-23.741424713271	3	61.482849426542
ENSG00000023608	37.8327148077437	-15.9163574038719	3	45.8327148077437
ENSG00000107338	26.2095680376358	-10.1047840188179	3	34.2095680376358
ENSG00000087589	10.93832499859	-2.469162499295	3	18.93832499859
ENSG00000160746	51.865000141128	-22.932500070564	3	59.865000141128
ENSG00000156284	54.3155181803427	-24.1577590901714	3	62.3155181803427
ENSG00000187642	18.8110541308288	-6.40552706541437	3	26.8110541308288
ENSG00000156282	-2.25786204217173	4.12893102108587	3	5.74213795782827
ENSG00000168389	30.4312433203492	-12.2156216601746	3	38.4312433203492
ENSG00000124795	74.0592980877863	-34.0296490438931	3	82.0592980877863
ENSG00000168385	75.8254496851814	-34.9127248425907	3	83.8254496851814
ENSG00000031823	33.5051140731158	-13.7525570365579	3	41.5051140731158
ENSG00000147246	-1.06150330650383	3.53075165325191	3	6.93849669349617
ENSG00000104327	13.8166616178014	-3.9083308089007	3	21.8166616178014
ENSG00000179761	25.9111059279608	-9.95555296398038	3	33.9111059279608
ENSG00000180432	13.2618167886459	-3.63090839432297	3	21.2618167886459
ENSG00000131171	104.264884900099	-49.1324424500495	3	112.264884900099
ENSG00000139180	66.003523193167	-30.0017615965835	3	74.003523193167
ENSG00000156136	45.2868496360256	-19.6434248180128	3	53.2868496360256
ENSG00000132481	37.8386373632024	-15.9193186816012	3	45.8386373632024
ENSG00000132485	46.9266784022049	-20.4633392011024	3	54.9266784022049
ENSG00000196914	40.826333081023	-17.4131665405115	3	48.826333081023
ENSG00000102218	29.1472864268279	-11.573643213414	3	37.1472864268279
ENSG00000198300	56.6419776594048	-25.3209888297024	3	64.6419776594048
ENSG00000124429	32.9838130758496	-13.4919065379248	3	40.9838130758496
ENSG00000147100	35.3261615247239	-14.6630807623619	3	43.3261615247239
ENSG00000111206	7.99251847933354	-0.99625923966677	3	15.9925184793335
ENSG00000111752	25.409393724615	-9.70469686230749	3	33.409393724615
ENSG00000171227	50.1499785607027	-22.0749892803513	3	58.1499785607027
ENSG00000135709	38.7822235711821	-16.391111785591	3	46.7822235711821
ENSG00000180758	18.7894355176813	-6.39471775884067	3	26.7894355176813
ENSG00000166965	27.5510845269368	-10.7755422634684	3	35.5510845269368
ENSG00000147027	67.2822051241654	-30.6411025620827	3	75.2822051241654
ENSG00000166960	25.9816358350956	-9.99081791754779	3	33.9816358350956
ENSG00000166961	-5.24066818149758	5.62033409074879	3	2.75933181850242
ENSG00000169129	27.3611317948122	-10.6805658974061	3	35.3611317948122
ENSG00000169122	31.1920341345988	-12.5960170672994	3	39.1920341345988
ENSG00000143549	82.289008864969	-38.1445044324845	3	90.289008864969
ENSG00000163719	47.5458656837744	-20.7729328418872	3	55.5458656837744
ENSG00000168528	40.7893360267458	-17.3946680133729	3	48.7893360267458
ENSG00000163249	57.9971743656016	-25.9985871828008	3	65.9971743656016
ENSG00000167216	31.7050343795496	-12.8525171897748	3	39.7050343795496
ENSG00000145088	37.4802001843933	-15.7401000921966	3	45.4802001843933
ENSG00000163714	60.1434815634684	-27.0717407817342	3	68.1434815634684
ENSG00000167210	6.29209404229152	-0.146047021145762	3	14.2920940422915
ENSG00000141977	-3.18321573271927	4.59160786635964	3	4.81678426728073
ENSG00000095585	22.9913127419195	-8.49565637095977	3	30.9913127419195
ENSG00000150990	31.0183624918918	-12.5091812459459	3	39.0183624918918
ENSG00000188690	45.8415819313997	-19.9207909656999	3	53.8415819313997
ENSG00000128524	90.3348799657712	-42.1674399828856	3	98.3348799657712
ENSG00000118200	42.3893538818057	-18.1946769409028	3	50.3893538818057
ENSG00000132031	9.95966610796975	-1.97983305398488	3	17.9596661079698
ENSG00000149357	66.9833330871654	-30.4916665435827	3	74.9833330871654
ENSG00000132153	35.0006439394849	-14.5003219697425	3	43.0006439394849
ENSG00000115128	93.2745769331963	-43.6372884665982	3	101.274576933196
ENSG00000169340	10.5513306566661	-2.27566532833306	3	18.5513306566661
ENSG00000148337	50.611240794694	-22.305620397347	3	58.611240794694
ENSG00000163534	15.4056832305232	-4.70284161526161	3	23.4056832305232
ENSG00000148334	47.6126993246337	-20.8063496623169	3	55.6126993246337
ENSG00000105072	30.5952086125819	-12.2976043062909	3	38.5952086125819
ENSG00000168924	46.5400525415504	-20.2700262707752	3	54.5400525415504
ENSG00000166292	85.0048465161123	-39.5024232580561	3	93.0048465161123
ENSG00000166295	83.8871088315294	-38.9435544157647	3	91.8871088315294
ENSG00000157423	20.4383817830283	-7.21919089151417	3	28.4383817830283
ENSG00000157426	39.0660140339884	-16.5330070169942	3	47.0660140339884
ENSG00000152904	56.078776243297	-25.0393881216485	3	64.078776243297
ENSG00000165929	75.4602210676983	-34.7301105338492	3	83.4602210676983
ENSG00000149532	55.0742754725576	-24.5371377362788	3	63.0742754725576
ENSG00000136478	41.7182749335465	-17.8591374667733	3	49.7182749335465
ENSG00000149534	51.7059450962839	-22.852972548142	3	59.7059450962839
ENSG00000138166	12.2886074593379	-3.14430372966894	3	20.2886074593379
ENSG00000148481	47.3234490430795	-20.6617245215398	3	55.3234490430795
ENSG00000138160	14.4683417030179	-4.23417085150894	3	22.4683417030179
ENSG00000148483	21.2382774549689	-7.61913872748443	3	29.2382774549689
ENSG00000148482	22.8543531696593	-8.42717658482964	3	30.8543531696593
ENSG00000164520	20.3176452264227	-7.15882261321137	3	28.3176452264227
ENSG00000187164	38.2283265333392	-16.1141632666696	3	46.2283265333392
ENSG00000148488	20.339321691738	-7.16966084586902	3	28.339321691738
ENSG00000175938	45.1811436634586	-19.5905718317293	3	53.1811436634586
ENSG00000166035	20.083838453906	-7.04191922695301	3	28.083838453906
ENSG00000154065	43.0735903774891	-18.5367951887445	3	51.0735903774891
ENSG00000182107	43.2472787353326	-18.6236393676663	3	51.2472787353326
ENSG00000173269	46.2814097820205	-20.1407048910103	3	54.2814097820205
ENSG00000173261	20.3646113358112	-7.18230566790559	3	28.3646113358112
ENSG00000173267	120.153771588736	-57.076885794368	3	128.153771588736
ENSG00000064835	2.38591106456045	1.80704446771977	3	10.3859110645605
ENSG00000167780	25.9525104012069	-9.97625520060346	3	33.9525104012069
ENSG00000164292	69.1222159913557	-31.5611079956779	3	77.1222159913557
ENSG00000164291	47.457576686235	-20.7287883431175	3	55.457576686235
ENSG00000178226	5.33385670411748	0.333071647941259	3	13.3338567041175
ENSG00000164294	59.9168324830959	-26.9584162415479	3	67.9168324830959
ENSG00000164299	-20.6953485364167	13.3476742682083	3	-12.6953485364167
ENSG00000169562	32.4390018059191	-13.2195009029596	3	40.4390018059191
ENSG00000087842	40.4482683361227	-17.2241341680614	3	48.4482683361227
ENSG00000108244	36.2545616339875	-15.1272808169937	3	44.2545616339875
ENSG00000149823	61.8113097316814	-27.9056548658407	3	69.8113097316814
ENSG00000204356	41.7960653199417	-17.8980326599708	3	49.7960653199417
ENSG00000278619	31.3836740555734	-12.6918370277867	3	39.3836740555734
ENSG00000119333	22.4244227304228	-8.21221136521142	3	30.4244227304228
ENSG00000081721	41.7681131388317	-17.8840565694159	3	49.7681131388317
ENSG00000122687	35.8425286369908	-14.9212643184954	3	43.8425286369908
ENSG00000121022	47.3665066925005	-20.6832533462503	3	55.3665066925005
ENSG00000165219	41.6791349533796	-17.8395674766898	3	49.6791349533796
ENSG00000107438	49.5798606775167	-21.7899303387584	3	57.5798606775167
ENSG00000196468	27.4457166469552	-10.7228583234776	3	35.4457166469552
ENSG00000170017	49.8133635281973	-21.9066817640986	3	57.8133635281973
ENSG00000170011	18.9637446469623	-6.48187232348113	3	26.9637446469623
ENSG00000196460	30.8342498386287	-12.4171249193143	3	38.8342498386287
ENSG00000196465	105.770280428144	-49.8851402140721	3	113.770280428144
ENSG00000124164	66.1208791810401	-30.06043959052	3	74.1208791810401
ENSG00000120688	60.7478718264202	-27.3739359132101	3	68.7478718264202
ENSG00000171766	56.2347384373898	-25.1173692186949	3	64.2347384373898
ENSG00000124160	36.6266406078005	-15.3133203039003	3	44.6266406078005
ENSG00000175220	49.5059657630121	-21.752982881506	3	57.5059657630121
ENSG00000171763	29.8193986776322	-11.9096993388161	3	37.8193986776322
ENSG00000120685	36.0876507605322	-15.0438253802661	3	44.0876507605322
ENSG00000135625	-2.83104426263626	4.41552213131813	3	5.16895573736374
ENSG00000120686	85.6377325365544	-39.8188662682772	3	93.6377325365544
ENSG00000134222	19.4796218230937	-6.73981091154684	3	27.4796218230937
ENSG00000140025	46.8695563969231	-20.4347781984615	3	54.8695563969231
ENSG00000140022	43.3019953514602	-18.6509976757301	3	51.3019953514602
ENSG00000166925	54.2393316004755	-24.1196658002377	3	62.2393316004755
ENSG00000170903	42.9744072537399	-18.48720362687	3	50.9744072537399
ENSG00000174282	35.1375726055498	-14.5687863027749	3	43.1375726055498
ENSG00000196683	118.270090726774	-56.1350453633871	3	126.270090726774
ENSG00000081237	55.5228076705196	-24.7614038352598	3	63.5228076705196
ENSG00000185482	43.6866223899155	-18.8433111949578	3	51.6866223899155
ENSG00000171503	70.4213854702764	-32.2106927351382	3	78.4213854702764
ENSG00000197157	52.9942777867158	-23.4971388933579	3	60.9942777867158
ENSG00000175087	27.6960699467474	-10.8480349733737	3	35.6960699467474
ENSG00000020922	41.3735154502638	-17.6867577251319	3	49.3735154502638
ENSG00000107290	46.2148198702457	-20.1074099351228	3	54.2148198702457
ENSG00000160194	69.7267654285846	-31.8633827142923	3	77.7267654285846
ENSG00000152291	77.5959337216737	-35.7979668608369	3	85.5959337216737
ENSG00000160191	26.8770156760568	-10.4385078380284	3	34.8770156760568
ENSG00000160193	32.7839897391383	-13.3919948695692	3	40.7839897391383
ENSG00000160199	28.4738485964993	-11.2369242982497	3	36.4738485964993
ENSG00000203985	17.8107016393239	-5.90535081966197	3	25.8107016393239
ENSG00000106211	76.8350163898369	-35.4175081949184	3	84.8350163898369
ENSG00000213139	21.0402856388944	-7.52014281944718	3	29.0402856388944
ENSG00000106404	48.7070848154141	-21.353542407707	3	56.7070848154141
ENSG00000037637	22.0908674024593	-8.04543370122964	3	30.0908674024593
ENSG00000160783	56.788297094085	-25.3941485470425	3	64.788297094085
ENSG00000103534	14.9206394328431	-4.46031971642157	3	22.9206394328431
ENSG00000152128	11.1829229887845	-2.59146149439227	3	19.1829229887845
ENSG00000160994	5.15822756522434	0.420886217387828	3	13.1582275652243
ENSG00000112799	43.5538078645472	-18.7769039322736	3	51.5538078645472
ENSG00000160991	54.6439570912947	-24.3219785456474	3	62.6439570912947
ENSG00000156639	53.3258274801921	-23.6629137400961	3	61.3258274801921
ENSG00000093183	49.0687305796705	-21.5343652898353	3	57.0687305796705
ENSG00000042781	13.2875142022912	-3.64375710114559	3	21.2875142022912
ENSG00000102910	64.3751600082367	-29.1875800041183	3	72.3751600082367
ENSG00000198467	99.9197990566633	-46.9598995283317	3	107.919799056663
ENSG00000182489	4.16196396313193	0.919018018434037	3	12.1619639631319
ENSG00000143228	22.9503671450508	-8.47518357252538	3	30.9503671450508
ENSG00000213809	45.452519233111	-19.7262596165555	3	53.452519233111
ENSG00000128596	25.1628879044816	-9.58144395224082	3	33.1628879044816
ENSG00000148602	2.37198003247023	1.81400998376488	3	10.3719800324702
ENSG00000176571	-14.6520582032342	10.3260291016171	3	-6.65205820323423
ENSG00000136868	41.6150133656427	-17.8075066828214	3	49.6150133656427
ENSG00000136869	47.0411020505418	-20.5205510252709	3	55.0411020505418
ENSG00000136867	53.9948508294915	-23.9974254147458	3	61.9948508294915
ENSG00000148600	30.9597054486586	-12.4798527243293	3	38.9597054486586
ENSG00000136861	43.232709034618	-18.616354517309	3	51.232709034618
ENSG00000145247	68.0986790014846	-31.0493395007423	3	76.0986790014846
ENSG00000184220	45.1880786386934	-19.5940393193467	3	53.1880786386934
ENSG00000178761	51.809795342295	-22.9048976711475	3	59.809795342295
ENSG00000110344	41.6143528026494	-17.8071764013247	3	49.6143528026494
ENSG00000248712	27.798015160052	-10.899007580026	3	35.798015160052
ENSG00000134640	-21.9554866120117	13.9777433060059	3	-13.9554866120117
ENSG00000167173	26.157857537341	-10.0789287686705	3	34.157857537341
ENSG00000168734	82.429048514971	-38.2145242574855	3	90.429048514971
ENSG00000167178	-1.66976497073342	3.83488248536671	3	6.33023502926658
ENSG00000179698	32.6286759983735	-13.3143379991868	3	40.6286759983735
ENSG00000188732	37.5700188250458	-15.7850094125229	3	45.5700188250458
ENSG00000188730	3.21770425615427	1.39114787192287	3	11.2177042561543
ENSG00000185933	-18.0137408065547	12.0068704032773	3	-10.0137408065547
ENSG00000188735	49.9327434498604	-21.9663717249302	3	57.9327434498604
ENSG00000099219	43.6439070823411	-18.8219535411705	3	51.6439070823411
ENSG00000215271	26.8851518285298	-10.4425759142649	3	34.8851518285298
ENSG00000122386	31.3721491880045	-12.6860745940023	3	39.3721491880045
ENSG00000028116	54.0860592433308	-24.0430296216654	3	62.0860592433308
ENSG00000109929	60.7459796482619	-27.3729898241309	3	68.7459796482619
ENSG00000109920	61.9551369364807	-27.9775684682404	3	69.9551369364807
ENSG00000108528	57.7760495134214	-25.8880247567107	3	65.7760495134214
ENSG00000091583	32.7338723501296	-13.3669361750648	3	40.7338723501296
ENSG00000110583	42.484432511058	-18.242216255529	3	50.484432511058
ENSG00000188992	3.82388311812349	1.08805844093826	3	11.8238831181235
ENSG00000131242	22.1104319291652	-8.0552159645826	3	30.1104319291652
ENSG00000103707	40.3457770775808	-17.1728885387904	3	48.3457770775808
ENSG00000204186	23.5076846614776	-8.7538423307388	3	31.5076846614776
ENSG00000132837	29.278253913872	-11.639126956936	3	37.278253913872
ENSG00000177628	48.0072205509148	-21.0036102754574	3	56.0072205509148
ENSG00000129437	-9.05581860567711	7.52790930283856	3	-1.05581860567711
ENSG00000177150	43.2956107937716	-18.6478053968858	3	51.2956107937716
ENSG00000148814	18.5186385403515	-6.25931927017575	3	26.5186385403515
ENSG00000090989	52.1551953201251	-23.0775976600626	3	60.1551953201251
ENSG00000141506	24.5067383807922	-9.25336919039611	3	32.5067383807922
ENSG00000141504	56.8608945477871	-25.4304472738936	3	64.8608945477871
ENSG00000172057	99.9969224590975	-46.9984612295488	3	107.996922459098
ENSG00000135119	19.1144933685643	-6.55724668428213	3	27.1144933685643
ENSG00000139644	79.783127487723	-36.8915637438615	3	87.783127487723
ENSG00000172059	37.5469366492161	-15.7734683246081	3	45.5469366492161
ENSG00000122477	49.8576220461602	-21.9288110230801	3	57.8576220461602
ENSG00000173905	57.4142968921347	-25.7071484460673	3	65.4142968921346
ENSG00000146414	37.8506784499262	-15.9253392249631	3	45.8506784499262
ENSG00000136643	43.7547089129268	-18.8773544564634	3	51.7547089129268
ENSG00000185664	25.2700048705958	-9.63500243529789	3	33.2700048705958
ENSG00000146411	35.4753390963316	-14.7376695481658	3	43.4753390963316
ENSG00000115841	46.6461554610346	-20.3230777305173	3	54.6461554610346
ENSG00000163507	32.883913498589	-13.4419567492945	3	40.883913498589
ENSG00000115590	50.6774504348674	-22.3387252174337	3	58.6774504348674
ENSG00000115593	26.6045892522638	-10.3022946261319	3	34.6045892522638
ENSG00000115592	11.4200019693007	-2.71000098465035	3	19.4200019693007
ENSG00000101367	67.0069629906409	-30.5034814953204	3	75.0069629906409
ENSG00000115594	67.392270404887	-30.6961352024435	3	75.392270404887
ENSG00000115596	-6.70416579993459	6.35208289996729	3	1.29583420006541
ENSG00000187288	101.195459828153	-47.5977299140767	3	109.195459828153
ENSG00000112312	46.2175317835024	-20.1087658917512	3	54.2175317835024
ENSG00000162458	39.8801645780864	-16.9400822890432	3	47.8801645780864
ENSG00000025293	40.8235878494508	-17.4117939247254	3	48.8235878494508
ENSG00000162456	22.5715696304976	-8.2857848152488	3	30.5715696304976
ENSG00000122218	54.7627791741054	-24.3813895870527	3	62.7627791741054
ENSG00000185591	38.2876160144362	-16.1438080072181	3	46.2876160144362
ENSG00000085433	35.3834179633109	-14.6917089816555	3	43.3834179633109
ENSG00000125970	58.6206678235009	-26.3103339117505	3	66.6206678235009
ENSG00000125971	88.0889107993561	-41.044455399678	3	96.0889107993561
ENSG00000089723	12.4496943898843	-3.22484719494215	3	20.4496943898843
ENSG00000125977	72.922404436524	-33.461202218262	3	80.922404436524
ENSG00000169083	38.2421631522282	-16.1210815761141	3	46.2421631522282
ENSG00000125492	-26.9166485391547	16.4583242695773	3	-18.9166485391547
ENSG00000054116	66.4731117685107	-30.2365558842553	3	74.4731117685107
ENSG00000050165	44.1986255735395	-19.0993127867697	3	52.1986255735395
ENSG00000139914	36.4039587036425	-15.2019793518213	3	44.4039587036425
ENSG00000021574	45.3008317485389	-19.6504158742695	3	53.3008317485389
ENSG00000196850	39.9092105994971	-16.9546052997486	3	47.9092105994971
ENSG00000133878	33.9107540377539	-13.955377018877	3	41.9107540377539
ENSG00000089091	29.0816614587639	-11.540830729382	3	37.0816614587639
ENSG00000158805	34.0982474581003	-14.0491237290501	3	42.0982474581003
ENSG00000213722	72.7320353876972	-33.3660176938486	3	80.7320353876972
ENSG00000196859	10.0312279240011	-2.01561396200053	3	18.0312279240011
ENSG00000164885	49.076877469453	-21.5384387347265	3	57.076877469453
ENSG00000138207	100.229732816988	-47.1148664084942	3	108.229732816988
ENSG00000148677	25.1926099180479	-9.59630495902394	3	33.1926099180479
ENSG00000133874	32.2387924896252	-13.1193962448126	3	40.2387924896252
ENSG00000100368	37.1894344425042	-15.5947172212521	3	45.1894344425042
ENSG00000184381	44.2150575296161	-19.1075287648081	3	52.2150575296161
ENSG00000034971	68.7871772844565	-31.3935886422282	3	76.7871772844565
ENSG00000100360	29.2716037581252	-11.6358018790626	3	37.2716037581252
ENSG00000100362	57.0591041220614	-25.5295520610307	3	65.0591041220614
ENSG00000100364	57.9305408620308	-25.9652704310154	3	65.9305408620308
ENSG00000100365	34.7946053388987	-14.3973026694493	3	42.7946053388987
ENSG00000054803	15.3077289720389	-4.65386448601947	3	23.3077289720389
ENSG00000130396	58.1162664691069	-26.0581332345535	3	66.1162664691069
ENSG00000186628	22.4869783201276	-8.2434891600638	3	30.4869783201276
ENSG00000126777	70.9185245777982	-32.4592622888991	3	78.9185245777982
ENSG00000126775	31.6457347914162	-12.8228673957081	3	39.6457347914162
ENSG00000126950	27.4641091725076	-10.7320545862538	3	35.4641091725076
ENSG00000126773	42.6710978393868	-18.3355489196934	3	50.6710978393868
ENSG00000186153	40.342099532679	-17.1710497663395	3	48.342099532679
ENSG00000019549	34.8774452585366	-14.4387226292683	3	42.8774452585366
ENSG00000145996	51.6781241052231	-22.8390620526115	3	59.6781241052231
ENSG00000174547	51.7207071599783	-22.8603535799891	3	59.7207071599783
ENSG00000152359	27.2821817922564	-10.6410908961282	3	35.2821817922564
ENSG00000121742	-13.129710780631	9.56485539031551	3	-5.12971078063103
ENSG00000196141	46.6396147193382	-20.3198073596691	3	54.6396147193382
ENSG00000164087	9.42369907683154	-1.71184953841577	3	17.4236990768315
ENSG00000144029	46.498168652138	-20.249084326069	3	54.498168652138
ENSG00000164081	42.7784439673372	-18.3892219836686	3	50.7784439673372
ENSG00000144021	48.0501032201329	-21.0250516100664	3	56.0501032201329
ENSG00000003402	70.7532802182373	-32.3766401091186	3	78.7532802182373
ENSG00000100139	29.0920700770776	-11.5460350385388	3	37.0920700770776
ENSG00000067182	61.8478299004409	-27.9239149502205	3	69.847829900441
ENSG00000120519	31.6612935566325	-12.8306467783162	3	39.6612935566325
ENSG00000113196	14.559506040406	-4.27975302020299	3	22.559506040406
ENSG00000113194	38.1323888666044	-16.0661944333022	3	46.1323888666044
ENSG00000110429	51.4288466242154	-22.7144233121077	3	59.4288466242154
ENSG00000125798	3.96802458863006	1.01598770568497	3	11.9680245886301
ENSG00000110427	3.45447159012318	1.27276420493841	3	11.4544715901232
ENSG00000100987	9.28528055135267	-1.64264027567634	3	17.2852805513527
ENSG00000100982	31.2818306294351	-12.6409153147175	3	39.2818306294351
ENSG00000100983	73.0697871812875	-33.5348935906437	3	81.0697871812875
ENSG00000075945	46.5709540702613	-20.2854770351307	3	54.5709540702613
ENSG00000151715	35.8479068587609	-14.9239534293805	3	43.8479068587609
ENSG00000103326	29.1410295771778	-11.5705147885889	3	37.1410295771778
ENSG00000138813	6.88860237484089	-0.444301187420447	3	14.8886023748409
ENSG00000163689	39.3474202261152	-16.6737101130576	3	47.3474202261152
ENSG00000106410	19.0760088118364	-6.5380044059182	3	27.0760088118364
ENSG00000042317	37.4312440026582	-15.7156220013291	3	45.4312440026582
ENSG00000106003	44.7722704072679	-19.3861352036339	3	52.7722704072679
ENSG00000154548	44.606610765936	-19.303305382968	3	52.606610765936
ENSG00000106554	70.4035824356575	-32.2017912178288	3	78.4035824356575
ENSG00000155749	13.1600113470061	-3.58000567350306	3	21.1600113470061
ENSG00000197818	28.7200999686638	-11.3600499843319	3	36.7200999686638
ENSG00000155833	-9.57583411461975	7.78791705730987	3	-1.57583411461975
ENSG00000163884	42.4388615377931	-18.2194307688966	3	50.4388615377931
ENSG00000163885	18.011802457174	-6.00590122858699	3	26.011802457174
ENSG00000139344	47.5173898838575	-20.7586949419288	3	55.5173898838575
ENSG00000111596	56.8806482728018	-25.4403241364009	3	64.8806482728018
ENSG00000197816	19.1950566995845	-6.59752834979225	3	27.1950566995845
ENSG00000139343	69.3208774098126	-31.6604387049063	3	77.3208774098126
ENSG00000175414	38.978576887507	-16.4892884437535	3	46.978576887507
ENSG00000113739	31.7077700587526	-12.8538850293763	3	39.7077700587526
ENSG00000113734	53.9144309212636	-23.9572154606318	3	61.9144309212636
ENSG00000059728	30.0790366547908	-12.0395183273954	3	38.0790366547908
ENSG00000131188	6.51750655775334	-0.25875327887667	3	14.5175065577533
ENSG00000150456	45.6825391912723	-19.8412695956361	3	53.6825391912723
ENSG00000103187	52.1820735473426	-23.0910367736713	3	60.1820735473426
ENSG00000140254	50.4007468367143	-22.2003734183572	3	58.4007468367143
ENSG00000134575	52.5654964899837	-23.2827482449919	3	60.5654964899837
ENSG00000156150	12.0603593450124	-3.03017967250621	3	20.0603593450124
ENSG00000163082	17.4726188652476	-5.73630943262378	3	25.4726188652476
ENSG00000084444	11.2428558076137	-2.62142790380687	3	19.2428558076137
ENSG00000171243	0.449864447587743	2.77506777620613	3	8.44986444758774
ENSG00000171241	11.9258582536605	-2.96292912683024	3	19.9258582536605
ENSG00000171246	19.0034318181276	-6.5017159090638	3	27.0034318181276
ENSG00000124449	49.1554046892685	-21.5777023446343	3	57.1554046892685
ENSG00000180730	23.0096845861808	-8.50484229309038	3	31.0096845861808
ENSG00000111775	107.846235501791	-50.9231177508956	3	115.846235501791
ENSG00000148840	27.470962905697	-10.7354814528485	3	35.470962905697
ENSG00000135272	65.0674393406785	-29.5337196703392	3	73.0674393406785
ENSG00000079462	48.1933372178977	-21.0966686089489	3	56.1933372178977
ENSG00000147596	-28.6806023007165	17.3403011503582	3	-20.6806023007165
ENSG00000166900	44.4856422631485	-19.2428211315742	3	52.4856422631485
ENSG00000188501	20.0306203485122	-7.01531017425611	3	28.0306203485122
ENSG00000166902	53.4979430810591	-23.7489715405296	3	61.4979430810591
ENSG00000188505	8.9979564792739	-1.49897823963695	3	16.9979564792739
ENSG00000120992	60.454915667995	-27.2274578339975	3	68.454915667995
ENSG00000183035	29.2219118518723	-11.6109559259362	3	37.2219118518723
ENSG00000160767	47.3733279834095	-20.6866639917047	3	55.3733279834095
ENSG00000243284	16.6526017183156	-5.32630085915782	3	24.6526017183156
ENSG00000084628	30.3643446610765	-12.1821723305383	3	38.3643446610765
ENSG00000168505	2.51173699586049	1.74413150206975	3	10.5117369958605
ENSG00000174106	30.5155638867641	-12.257781943382	3	38.5155638867641
ENSG00000084623	68.1966949792211	-31.0983474896106	3	76.1966949792211
ENSG00000213927	61.4556346438443	-27.7278173219222	3	69.4556346438443
ENSG00000001461	39.0145731666198	-16.5072865833099	3	47.0145731666198
ENSG00000168509	30.2949033589469	-12.1474516794735	3	38.2949033589469
ENSG00000092931	42.5630086294573	-18.2815043147287	3	50.5630086294573
ENSG00000038532	28.4307594891726	-11.2153797445863	3	36.4307594891726
ENSG00000180083	48.2583303509703	-21.1291651754851	3	56.2583303509703
ENSG00000249853	0.0813050591213127	2.95934747043934	3	8.08130505912131
ENSG00000180089	6.12438791311018	-0.0621939565550882	3	14.1243879131102
ENSG00000175985	19.0332020744003	-6.51660103720015	3	27.0332020744003
ENSG00000162624	35.5137450665931	-14.7568725332965	3	43.5137450665931
ENSG00000118260	55.101486113573	-24.5507430567865	3	63.101486113573
ENSG00000118263	52.1803458806957	-23.0901729403478	3	60.1803458806957
ENSG00000066136	51.9268976213161	-22.9634488106581	3	59.9268976213161
ENSG00000174453	-15.2950115058023	10.6475057529011	3	-7.29501150580229
ENSG00000102580	63.0781458462911	-28.5390729231456	3	71.0781458462911
ENSG00000133265	28.4057385659734	-11.2028692829867	3	36.4057385659734
ENSG00000105058	88.7203668914237	-41.3601834457118	3	96.7203668914237
ENSG00000105726	28.3859905820441	-11.1929952910221	3	36.3859905820441
ENSG00000105053	37.4477819501121	-15.723890975056	3	45.4477819501121
ENSG00000131808	35.7329529655293	-14.8664764827647	3	43.7329529655293
ENSG00000225921	64.6652377717834	-29.3326188858917	3	72.6652377717834
ENSG00000002919	38.578966077615	-16.2894830388075	3	46.578966077615
ENSG00000083535	39.4868924672254	-16.7434462336127	3	47.4868924672254
ENSG00000127947	66.6557071057762	-30.3278535528881	3	74.6557071057762
ENSG00000133401	53.8410310920598	-23.9205155460299	3	61.8410310920598
ENSG00000143353	53.725959781789	-23.8629798908945	3	61.725959781789
ENSG00000172269	39.5735732727228	-16.7867866363614	3	47.5735732727228
ENSG00000141337	26.3084111264872	-10.1542055632436	3	34.3084111264872
ENSG00000164509	33.9677205753231	-13.9838602876616	3	41.9677205753231
ENSG00000187144	24.9953911565367	-9.49769557826834	3	32.9953911565367
ENSG00000187147	44.2797204318933	-19.1398602159467	3	52.2797204318933
ENSG00000241468	111.818340121378	-52.9091700606889	3	119.818340121378
ENSG00000165076	-21.466756024057	13.7333780120285	3	-13.466756024057
ENSG00000114857	77.856812038198	-35.928406019099	3	85.856812038198
ENSG00000066248	39.96546440424	-16.98273220212	3	47.96546440424
ENSG00000114854	104.108612538527	-49.0543062692637	3	112.108612538527
ENSG00000114850	84.897803797862	-39.448901898931	3	92.897803797862
ENSG00000186815	39.9340696020942	-16.9670348010471	3	47.9340696020942
ENSG00000126010	26.5914194677616	-10.2957097338808	3	34.5914194677616
ENSG00000186367	22.5808626251251	-8.29043131256254	3	30.5808626251251
ENSG00000122042	81.0905881882529	-37.5452940941264	3	89.0905881882529
ENSG00000185267	39.8822802877667	-16.9411401438833	3	47.8822802877667
ENSG00000119689	68.4015569798379	-31.200778489919	3	76.4015569798379
ENSG00000119688	41.5026249393731	-17.7513124696865	3	49.5026249393731
ENSG00000119682	38.4805193831727	-16.2402596915863	3	46.4805193831727
ENSG00000119685	41.3756879704781	-17.687843985239	3	49.3756879704781
ENSG00000119684	50.6502264199756	-22.3251132099878	3	58.6502264199756
ENSG00000115457	58.7810649862434	-26.3905324931217	3	66.7810649862434
ENSG00000206069	1.40497471594852	2.29751264202574	3	9.40497471594852
ENSG00000116157	48.3570041926502	-21.1785020963251	3	56.3570041926502
ENSG00000168675	44.9117023852167	-19.4558511926083	3	52.9117023852167
ENSG00000143951	44.3279416208885	-19.1639708104442	3	52.3279416208885
ENSG00000113851	56.6359377483016	-25.3179688741508	3	64.6359377483016
ENSG00000154553	41.5624767974962	-17.7812383987481	3	49.5624767974962
ENSG00000183495	32.3715318005094	-13.1857659002547	3	40.3715318005094
ENSG00000149809	41.0943024117573	-17.5471512058787	3	49.0943024117573
ENSG00000154174	64.382008853611	-29.1910044268055	3	72.382008853611
ENSG00000154175	74.1872736926403	-34.0936368463202	3	82.1872736926403
ENSG00000158122	52.1300861351123	-23.0650430675562	3	60.1300861351123
ENSG00000137727	42.2309437188174	-18.1154718594087	3	50.2309437188174
ENSG00000163161	43.0414271295991	-18.5207135647996	3	51.0414271295991
ENSG00000104722	-4.31445061308875	5.15722530654438	3	3.68554938691125
ENSG00000130988	46.5421812716191	-20.2710906358096	3	54.5421812716191
ENSG00000165272	53.9221887173053	-23.9610943586527	3	61.9221887173053
ENSG00000165271	23.919527605022	-8.95976380251102	3	31.919527605022
ENSG00000129744	11.4673639814544	-2.73368199072718	3	19.4673639814544
ENSG00000185436	20.4688052679249	-7.23440263396247	3	28.4688052679249
ENSG00000165275	40.4315170105269	-17.2157585052635	3	48.4315170105269
ENSG00000167113	38.8012291225008	-16.4006145612504	3	46.8012291225008
ENSG00000196335	10.4429636453367	-2.22148182266836	3	18.4429636453367
ENSG00000153406	36.275288157041	-15.1376440785205	3	44.275288157041
ENSG00000154719	48.5471311076992	-21.2735655538496	3	56.5471311076992
ENSG00000196449	47.7918502484146	-20.8959251242073	3	55.7918502484146
ENSG00000174738	60.0189125917422	-27.0094562958711	3	68.0189125917422
ENSG00000127564	20.1750444035036	-7.08752220175178	3	28.1750444035036
ENSG00000144852	14.3682882920799	-4.18414414603993	3	22.3682882920799
ENSG00000104549	47.7064228809213	-20.8532114404607	3	55.7064228809213
ENSG00000161594	-5.98644580911338	5.99322290455669	3	2.01355419088662
ENSG00000160712	43.553670043315	-18.7768350216575	3	51.553670043315
ENSG00000117682	56.8503038257509	-25.4251519128754	3	64.8503038257509
ENSG00000085377	30.4793973506616	-12.2396986753308	3	38.4793973506616
ENSG00000179813	16.2243132087231	-5.11215660436154	3	24.2243132087231
ENSG00000129295	33.9514390514745	-13.9757195257372	3	41.9514390514745
ENSG00000140009	9.15443317007312	-1.57721658503656	3	17.1544331700731
ENSG00000170291	49.7430915604831	-21.8715457802416	3	57.7430915604831
ENSG00000170296	94.860078711271	-44.4300393556355	3	102.860078711271
ENSG00000076053	46.3078339713268	-20.1539169856634	3	54.3078339713268
ENSG00000125170	27.320923398137	-10.6604616990685	3	35.320923398137
ENSG00000075884	44.7645593538001	-19.3822796769001	3	52.7645593538001
ENSG00000087152	38.3815962206179	-16.190798110309	3	46.3815962206179
ENSG00000161249	50.248968038302	-22.124484019151	3	58.248968038302
ENSG00000185043	68.3043654986696	-31.1521827493348	3	76.3043654986696
ENSG00000006118	31.6457875585493	-12.8228937792747	3	39.6457875585493
ENSG00000006116	0.759563282726353	2.62021835863682	3	8.75956328272635
ENSG00000089280	47.4616004804086	-20.7308002402043	3	55.4616004804086
ENSG00000146955	27.4176868864339	-10.7088434432169	3	35.4176868864339
ENSG00000198663	50.3740492437788	-22.1870246218894	3	58.3740492437788
ENSG00000100647	36.0580172405552	-15.0290086202776	3	44.0580172405552
ENSG00000104897	38.7503067357235	-16.3751533678617	3	46.7503067357235
ENSG00000104894	24.4634114085591	-9.23170570427955	3	32.4634114085591
ENSG00000124145	73.6976891500445	-33.8488445750223	3	81.6976891500445
ENSG00000103510	48.6340169385569	-21.3170084692784	3	56.6340169385569
ENSG00000103047	27.9809144170198	-10.9904572085099	3	35.9809144170198
ENSG00000103042	23.969143161128	-8.98457158056401	3	31.969143161128
ENSG00000103043	28.4524363154182	-11.2262181577091	3	36.4524363154182
ENSG00000230062	37.1729433357083	-15.5864716678542	3	45.1729433357083
ENSG00000160973	-25.286277738625	15.6431388693125	3	-17.286277738625
ENSG00000170439	31.5615052408302	-12.7807526204151	3	39.5615052408302
ENSG00000125633	56.3960872675972	-25.1980436337986	3	64.3960872675972
ENSG00000125630	27.5344910411136	-10.7672455205568	3	35.5344910411136
ENSG00000174950	32.217873176821	-13.1089365884105	3	40.217873176821
ENSG00000156384	64.9154788191409	-29.4577394095705	3	72.9154788191409
ENSG00000143207	57.7029125724203	-25.8514562862102	3	65.7029125724203
ENSG00000081870	48.8244695240468	-21.4122347620234	3	56.8244695240468
ENSG00000152147	46.1524198221009	-20.0762099110505	3	54.1524198221009
ENSG00000198408	58.0892580958202	-26.0446290479101	3	66.0892580958202
ENSG00000111907	44.5015897123311	-19.2507948561655	3	52.5015897123311
ENSG00000197170	53.7732363562297	-23.8866181781149	3	61.7732363562297
ENSG00000131323	34.6855481397719	-14.342774069886	3	42.6855481397719
ENSG00000110367	52.3144018821655	-23.1572009410828	3	60.3144018821655
ENSG00000181631	33.8437523920067	-13.9218761960034	3	41.8437523920067
ENSG00000204574	40.2245848095332	-17.1122924047666	3	48.2245848095332
ENSG00000181634	44.3718326704948	-19.1859163352474	3	52.3718326704948
ENSG00000168754	-8.67393383663673	7.33696691831837	3	-0.673933836636735
ENSG00000092036	41.6697618937958	-17.8348809468979	3	49.6697618937958
ENSG00000114626	55.9696029152961	-24.9848014576481	3	63.9696029152961
ENSG00000185958	19.1562396850955	-6.57811984254774	3	27.1562396850955
ENSG00000106948	52.91829230126	-23.45914615063	3	60.91829230126
ENSG00000215217	25.9242493956747	-9.96212469783734	3	33.9242493956747
ENSG00000129988	79.6205368771401	-36.81026843857	3	87.6205368771401
ENSG00000204613	13.1808644832799	-3.59043224163996	3	21.1808644832799
ENSG00000204619	74.0780735695136	-34.0390367847568	3	82.0780735695136
ENSG00000204618	18.1758086129383	-6.08790430646917	3	26.1758086129383
ENSG00000120805	69.4404795295158	-31.7202397647579	3	77.4404795295158
ENSG00000120800	30.998754076688	-12.499377038344	3	38.998754076688
ENSG00000047932	49.515664102036	-21.757832051018	3	57.515664102036
ENSG00000047936	-23.1099834750484	14.5549917375242	3	-15.1099834750484
ENSG00000131634	41.1677386222989	-17.5838693111495	3	49.1677386222989
ENSG00000002745	17.9095949696004	-5.95479748480021	3	25.9095949696004
ENSG00000108091	46.6147784295322	-20.3073892147661	3	54.6147784295322
ENSG00000108094	51.8848961497239	-22.942448074862	3	59.8848961497239
ENSG00000132677	51.8931733958336	-22.9465866979168	3	59.8931733958336
ENSG00000149476	34.4850485277332	-14.2425242638666	3	42.4850485277332
ENSG00000149474	33.19638296555	-13.598191482775	3	41.19638296555
ENSG00000132855	21.9062471669982	-7.95312358349909	3	29.9062471669982
ENSG00000132854	33.5993032264646	-13.7996516132323	3	41.5993032264646
ENSG00000145321	31.3053904806568	-12.6526952403284	3	39.3053904806568
ENSG00000163694	41.0163978628565	-17.5081989314282	3	49.0163978628565
ENSG00000187778	41.2770117897723	-17.6385058948861	3	49.2770117897723
ENSG00000187772	-20.0875626136777	13.0437813068389	3	-12.0875626136777
ENSG00000111011	58.0755002786293	-26.0377501393146	3	66.0755002786293
ENSG00000162618	55.1410864815361	-24.5705432407681	3	63.1410864815361
ENSG00000172073	-20.2906992624029	13.1453496312015	3	-12.2906992624029
ENSG00000142330	28.0734975856343	-11.0367487928172	3	36.0734975856343
ENSG00000162614	53.5999335851695	-23.7999667925847	3	61.5999335851695
ENSG00000162616	66.441009050886	-30.220504525443	3	74.441009050886
ENSG00000122180	-2.66648609026681	4.33324304513341	3	5.33351390973319
ENSG00000136114	26.6638337072857	-10.3319168536428	3	34.6638337072857
ENSG00000146433	39.8153596095599	-16.90767980478	3	47.8153596095599
ENSG00000136110	21.5944399236716	-7.79721996183578	3	29.5944399236716
ENSG00000122188	22.3184844013295	-8.15924220066473	3	30.3184844013295
ENSG00000173389	5.45020660957335	0.274896695213323	3	13.4502066095734
ENSG00000184602	81.7148485708952	-37.8574242854476	3	89.7148485708952
ENSG00000165046	31.4000870848818	-12.7000435424409	3	39.4000870848818
ENSG00000197056	39.1879920738723	-16.5939960369362	3	47.1879920738723
ENSG00000101347	73.3150179257868	-33.6575089628934	3	81.3150179257868
ENSG00000153266	27.20314509944	-10.60157254972	3	35.20314509944
ENSG00000101342	12.3731461317069	-3.18657306585345	3	20.3731461317069
ENSG00000089916	45.6576129468154	-19.8288064734077	3	53.6576129468154
ENSG00000105993	65.0775128582007	-29.5387564291003	3	73.0775128582007
ENSG00000269058	31.2095415915206	-12.6047707957603	3	39.2095415915206
ENSG00000112667	48.04072228305	-21.020361141525	3	56.04072228305
ENSG00000172380	99.7030991714781	-46.851549585739	3	107.703099171478
ENSG00000187556	34.4164717005417	-14.2082358502709	3	42.4164717005417
ENSG00000187555	55.2838634995964	-24.6419317497982	3	63.2838634995964
ENSG00000074755	38.206339686286	-16.103169843143	3	46.206339686286
ENSG00000162927	51.7985600534942	-22.8992800267471	3	59.7985600534942
ENSG00000162924	39.1481698979932	-16.5740849489966	3	47.1481698979932
ENSG00000114999	32.7857479436856	-13.3928739718428	3	40.7857479436856
ENSG00000029559	15.4473758180114	-4.7236879090057	3	23.4473758180114
ENSG00000162929	44.5252902720521	-19.2626451360261	3	52.5252902720521
ENSG00000115718	11.4036875390586	-2.7018437695293	3	19.4036875390586
ENSG00000022267	105.48747491828	-49.7437374591398	3	113.48747491828
ENSG00000125952	62.0305531146172	-28.0152765573086	3	70.0305531146172
ENSG00000112599	8.80557497102849	-1.40278748551425	3	16.8055749710285
ENSG00000196497	27.6589134536585	-10.8294567268293	3	35.6589134536585
ENSG00000119705	86.2017160975241	-40.100858048762	3	94.2017160975241
ENSG00000070610	39.5138007584716	-16.7569003792358	3	47.5138007584716
ENSG00000157368	60.0682684808824	-27.0341342404412	3	68.0682684808824
ENSG00000011523	43.7180042515293	-18.8590021257647	3	51.7180042515293
ENSG00000173653	38.5276202426975	-16.2638101213487	3	46.5276202426975
ENSG00000196839	61.5655396388226	-27.7827698194113	3	69.5655396388226
ENSG00000154814	31.8644505693871	-12.9322252846936	3	39.8644505693871
ENSG00000154813	81.9676490710759	-37.9838245355379	3	89.9676490710759
ENSG00000158352	40.2490883613004	-17.1245441806502	3	48.2490883613004
ENSG00000000460	44.1531461178103	-19.0765730589052	3	52.1531461178103
ENSG00000133895	37.9321094754236	-15.9660547377118	3	45.9321094754236
ENSG00000137571	45.6253588678267	-19.8126794339133	3	53.6253588678267
ENSG00000148690	44.1730929707008	-19.0865464853504	3	52.1730929707008
ENSG00000137574	36.4162786950607	-15.2081393475304	3	44.4162786950607
ENSG00000172922	58.5237870563637	-26.2618935281819	3	66.5237870563637
ENSG00000164318	50.8062213879425	-22.4031106939712	3	58.8062213879425
ENSG00000155636	37.9407842506159	-15.9703921253079	3	45.9407842506159
ENSG00000100347	69.8179930405097	-31.9089965202549	3	77.8179930405097
ENSG00000100433	-17.243727646406	11.621863823203	3	-9.24372764640598
ENSG00000054392	10.0075047360101	-2.00375236800506	3	18.0075047360101
ENSG00000159199	66.349724555175	-30.1748622775875	3	74.349724555175
ENSG00000155962	57.5909886297783	-25.7954943148891	3	65.5909886297783
ENSG00000126759	40.0876487661557	-17.0438243830778	3	48.0876487661557
ENSG00000141642	41.2695943057363	-17.6347971528681	3	49.2695943057363
ENSG00000186603	3.15136217630076	1.42431891184962	3	11.1513621763008
ENSG00000178028	50.9394275334398	-22.4697137667199	3	58.9394275334398
ENSG00000122986	41.1939237216982	-17.5969618608491	3	49.1939237216982
ENSG00000126756	67.8900825354977	-30.9450412677488	3	75.8900825354977
ENSG00000121769	78.9417546953419	-36.470877347671	3	86.9417546953419
ENSG00000205884	24.3151764656391	-9.15758823281953	3	32.3151764656391
ENSG00000010072	48.1386362467826	-21.0693181233913	3	56.1386362467826
ENSG00000203730	-8.02192603819147	7.01096301909573	3	-0.0219260381914665
ENSG00000125409	9.3921222424999	-1.69606112124995	3	17.3921222424999
ENSG00000121766	53.8826726216897	-23.9413363108449	3	61.8826726216897
ENSG00000083782	30.2671429906088	-12.1335714953044	3	38.2671429906088
ENSG00000116741	64.9999502423633	-29.4999751211816	3	72.9999502423633
ENSG00000116745	4.79762238967435	0.601188805162825	3	12.7976223896744
ENSG00000116747	51.7970278842041	-22.898513942102	3	59.7970278842041
ENSG00000135205	24.6608067816758	-9.33040339083791	3	32.6608067816758
ENSG00000099795	104.212091222679	-49.1060456113396	3	112.212091222679
ENSG00000131981	84.291781264909	-39.1458906324545	3	92.291781264909
ENSG00000104973	43.3269746761144	-18.6634873380572	3	51.3269746761144
ENSG00000104976	33.9625690431611	-13.9812845215806	3	41.9625690431611
ENSG00000079999	52.0010699203246	-23.0005349601623	3	60.0010699203246
ENSG00000107371	50.116692746257	-22.0583463731285	3	58.116692746257
ENSG00000129170	58.7272726919643	-26.3636363459822	3	66.7272726919643
ENSG00000151247	67.3380138677267	-30.6690069338633	3	75.3380138677267
ENSG00000129173	-0.23088445552958	3.11544222776479	3	7.76911554447042
ENSG00000134874	47.3297697852767	-20.6648848926383	3	55.3297697852767
ENSG00000106537	66.9185612066654	-30.4592806033327	3	74.9185612066654
ENSG00000106536	-2.79731963143885	4.39865981571942	3	5.20268036856115
ENSG00000034239	31.0028298993889	-12.5014149496945	3	39.0028298993889
ENSG00000175166	60.3423280258772	-27.1711640129386	3	68.3423280258772
ENSG00000139329	98.112909121281	-46.0564545606405	3	106.112909121281
ENSG00000143125	8.86591426919259	-1.43295713459629	3	16.8659142691926
ENSG00000175161	38.2518972162002	-16.1259486081001	3	46.2518972162002
ENSG00000139323	40.9349527722971	-17.4674763861485	3	48.9349527722971
ENSG00000139324	41.1343053295798	-17.5671526647899	3	49.1343053295798
ENSG00000113719	56.9798039820308	-25.4899019910154	3	64.9798039820308
ENSG00000175189	8.43358302635139	-1.21679151317569	3	16.4335830263514
ENSG00000220201	-2.44981530107859	4.22490765053929	3	5.55018469892141
ENSG00000108947	-10.4270257357524	8.21351286787621	3	-2.42702573575242
ENSG00000106302	21.9424454179053	-7.97122270895266	3	29.9424454179053
ENSG00000113716	24.4177818018801	-9.20889090094003	3	32.4177818018801
ENSG00000140274	22.1844635814127	-8.09223179070634	3	30.1844635814127
ENSG00000064652	62.2431540850546	-28.1215770425273	3	70.2431540850546
ENSG00000160563	38.0781322485121	-16.0390661242561	3	46.0781322485121
ENSG00000151892	32.5592499818303	-13.2796249909152	3	40.5592499818303
ENSG00000167034	12.2119806084874	-3.10599030424371	3	20.2119806084874
ENSG00000169271	35.7105931139861	-14.8552965569931	3	43.7105931139861
ENSG00000189431	19.5576075559855	-6.77880377799274	3	27.5576075559855
ENSG00000189430	27.664318852064	-10.832159426032	3	35.664318852064
ENSG00000013573	37.1045985352863	-15.5522992676432	3	45.1045985352863
ENSG00000124466	19.3654085365439	-6.68270426827193	3	27.3654085365439
ENSG00000163069	70.7202258242481	-32.360112912124	3	78.7202258242481
ENSG00000171262	32.4760660724372	-13.2380330362186	3	40.4760660724372
ENSG00000111711	59.7105756074839	-26.8552878037419	3	67.7105756074839
ENSG00000139496	48.4732709078617	-21.2366354539308	3	56.4732709078617
ENSG00000082641	77.1983343965002	-35.5991671982501	3	85.1983343965002
ENSG00000188522	8.03712477072973	-1.01856238536487	3	16.0371247707297
ENSG00000107957	44.8103608477598	-19.4051804238799	3	52.8103608477598
ENSG00000107954	18.0262776377522	-6.01313881887612	3	26.0262776377522
ENSG00000107951	39.8516360071579	-16.925818003579	3	47.8516360071579
ENSG00000107959	46.7177874259223	-20.3588937129611	3	54.7177874259223
ENSG00000241127	47.5427483137463	-20.7713741568731	3	55.5427483137463
ENSG00000102078	21.4741223041893	-7.73706115209466	3	29.4741223041893
ENSG00000169696	66.5200870021103	-30.2600435010552	3	74.5200870021103
ENSG00000178105	34.095557138471	-14.0477785692355	3	42.095557138471
ENSG00000088899	29.0484939929635	-11.5242469964817	3	37.0484939929635
ENSG00000167257	38.0420800506042	-16.0210400253021	3	46.0420800506042
ENSG00000213903	9.00812954754106	-1.50406477377053	3	17.0081295475411
ENSG00000127472	7.72280428023331	-0.861402140116657	3	15.7228042802333
ENSG00000131791	49.6624909667151	-21.8312454833575	3	57.6624909667151
ENSG00000118242	37.8971705931855	-15.9485852965927	3	45.8971705931855
ENSG00000118245	-1.91489016863181	3.9574450843159	3	6.08510983136819
ENSG00000091972	77.819364555348	-35.909682277674	3	85.819364555348
ENSG00000167360	-40.5256174268213	23.2628087134106	3	-32.5256174268213
ENSG00000183207	39.6040216857033	-16.8020108428516	3	47.6040216857033
ENSG00000149313	52.7192137759847	-23.3596068879924	3	60.7192137759847
ENSG00000149646	20.0964099290132	-7.04820496450658	3	28.0964099290132
ENSG00000149311	54.5539360982818	-24.2769680491409	3	62.5539360982818
ENSG00000156170	41.3022536395765	-17.6511268197883	3	49.3022536395765
ENSG00000156171	61.414070963247	-27.7070354816235	3	69.414070963247
ENSG00000124557	77.0999941513482	-35.5499970756741	3	85.0999941513482
ENSG00000184384	42.3873453610731	-18.1936726805366	3	50.3873453610731
ENSG00000214954	33.199181073935	-13.5995905369675	3	41.199181073935
ENSG00000128973	29.7284473179016	-11.8642236589508	3	37.7284473179016
ENSG00000105705	32.2580499019908	-13.1290249509954	3	40.2580499019908
ENSG00000105707	10.4926793041803	-2.24633965209014	3	18.4926793041803
ENSG00000070444	25.9874726925788	-9.99373634628939	3	33.9874726925788
ENSG00000166257	22.1807163596382	-8.09035817981911	3	30.1807163596382
ENSG00000166250	70.5941069455868	-32.2970534727934	3	78.5941069455868
ENSG00000135837	50.1428254248176	-22.0714127124088	3	58.1428254248176
ENSG00000135838	83.5026725402491	-38.7513362701245	3	91.5026725402491
ENSG00000152413	42.8093919815724	-18.4046959907862	3	50.8093919815724
ENSG00000181404	51.3652238365394	-22.6826119182697	3	59.3652238365394
ENSG00000184162	72.1527215778315	-33.0763607889158	3	80.1527215778315
ENSG00000187123	3.97677388168858	1.01161305915571	3	11.9767738816886
ENSG00000008083	34.1505513614596	-14.0752756807298	3	42.1505513614596
ENSG00000172244	58.1161487193183	-26.0580743596592	3	66.1161487193183
ENSG00000172717	32.3645152671363	-13.1822576335682	3	40.3645152671363
ENSG00000008086	25.1174736389416	-9.55873681947082	3	33.1174736389416
ENSG00000172243	42.7394336724344	-18.3697168362172	3	50.7394336724344
ENSG00000166788	36.3026887313914	-15.1513443656957	3	44.3026887313914
ENSG00000121774	47.54140261169	-20.770701305845	3	55.54140261169
ENSG00000166780	39.9656030352439	-16.982801517622	3	47.9656030352439
ENSG00000111339	32.3293121944932	-13.1646560972466	3	40.3293121944932
ENSG00000166073	50.3280950041738	-22.1640475020869	3	58.3280950041738
ENSG00000241404	31.4171195983419	-12.708559799171	3	39.4171195983419
ENSG00000125434	33.4846740632476	-13.7423370316238	3	41.4846740632476
ENSG00000205929	-7.95627476797569	6.97813738398784	3	0.0437252320243147
ENSG00000115474	20.5997342345251	-7.29986711726253	3	28.5997342345251
ENSG00000206043	15.3782141596588	-4.68910707982939	3	23.3782141596588
ENSG00000268089	0.721655050309442	2.63917247484528	3	8.72165505030944
ENSG00000181544	16.9986676378577	-5.49933381892884	3	24.9986676378577
ENSG00000126698	70.6558442251758	-32.3279221125879	3	78.6558442251758
ENSG00000136560	64.7644792425291	-29.3822396212645	3	72.7644792425291
ENSG00000165782	37.1884055385761	-15.594202769288	3	45.1884055385761
ENSG00000204396	-2.98778959949888	4.49389479974944	3	5.01221040050112
ENSG00000154153	64.2236719386362	-29.1118359693181	3	72.2236719386362
ENSG00000101282	3.4032364214211	1.29838178928945	3	11.4032364214211
ENSG00000158104	19.3676303735445	-6.68381518677227	3	27.3676303735445
ENSG00000141644	30.6728153367463	-12.3364076683732	3	38.6728153367463
ENSG00000137965	53.6360028772511	-23.8180014386255	3	61.6360028772511
ENSG00000141646	54.6270912441034	-24.3135456220517	3	62.6270912441034
ENSG00000137960	30.9640465340649	-12.4820232670324	3	38.9640465340648
ENSG00000137745	-21.2665364007176	13.6332682003588	3	-13.2665364007176
ENSG00000004534	55.5980076474151	-24.7990038237076	3	63.5980076474151
ENSG00000137747	10.3037370464928	-2.1518685232464	3	18.3037370464928
ENSG00000005486	49.710244181196	-21.855122090598	3	57.710244181196
ENSG00000167767	-0.877964066106522	3.43898203305326	3	7.12203593389348
ENSG00000026751	36.6007064629793	-15.3003532314896	3	44.6007064629793
ENSG00000099899	47.6549839347644	-20.8274919673822	3	55.6549839347644
ENSG00000165259	21.8989214070147	-7.94946070350733	3	29.8989214070147
ENSG00000165527	67.7559432380037	-30.8779716190019	3	75.7559432380037
ENSG00000165526	50.5338665162843	-22.2669332581421	3	58.5338665162843
ENSG00000165525	56.0005537292608	-25.0002768646304	3	64.0005537292608
ENSG00000101138	37.6891946059421	-15.844597302971	3	45.6891946059421
ENSG00000174718	60.5678066225666	-27.2839033112833	3	68.5678066225666
ENSG00000101132	58.8848588298973	-26.4424294149487	3	66.8848588298973
ENSG00000101134	38.6672461952058	-16.3336230976029	3	46.6672461952058
ENSG00000119801	80.6948980945238	-37.3474490472619	3	88.6948980945238
ENSG00000113525	10.1257444692774	-2.0628722346387	3	18.1257444692774
ENSG00000113522	53.3980655632087	-23.6990327816044	3	61.3980655632087
ENSG00000113520	-3.14386661415681	4.5719333070784	3	4.85613338584319
ENSG00000145545	38.41517729179	-16.207588645895	3	46.41517729179
ENSG00000090447	24.3085080759235	-9.15425403796174	3	32.3085080759235
ENSG00000133937	34.4349559767759	-14.217477988388	3	42.4349559767759
ENSG00000148735	33.222534976103	-13.6112674880515	3	41.222534976103
ENSG00000148730	83.1334470636629	-38.5667235318314	3	91.1334470636629
ENSG00000116350	51.8566854303547	-22.9283427151773	3	59.8566854303547
ENSG00000133935	40.2018282017432	-17.1009141008716	3	48.2018282017432
ENSG00000117408	31.6883628911797	-12.8441814455899	3	39.6883628911797
ENSG00000255587	2.87798430968852	1.56100784515574	3	10.8779843096885
ENSG00000117407	-8.71895194912764	7.35947597456382	3	-0.718951949127641
ENSG00000073754	53.1749028768143	-23.5874514384072	3	61.1749028768143
ENSG00000240065	48.2503828905071	-21.1251914452535	3	56.2503828905071
ENSG00000091073	28.1811806676772	-11.0905903338386	3	36.1811806676772
ENSG00000156414	6.70961727975916	-0.35480863987958	3	14.7096172797592
ENSG00000164128	32.5459304285652	-13.2729652142826	3	40.5459304285652
ENSG00000204923	59.1712528286206	-26.5856264143103	3	67.1712528286206
ENSG00000164124	29.4245672150482	-11.7122836075241	3	37.4245672150482
ENSG00000164125	52.999600663181	-23.4998003315905	3	60.999600663181
ENSG00000164120	44.2433391363316	-19.1216695681658	3	52.2433391363316
ENSG00000198643	6.05450807858408	-0.02725403929204	3	14.0545080785841
ENSG00000164122	62.0128336277085	-28.0064168138543	3	70.0128336277085
ENSG00000164123	-6.61340295262688	6.30670147631344	3	1.38659704737312
ENSG00000171729	20.32870212216	-7.16435106107998	3	28.32870212216
ENSG00000186795	28.0759615920467	-11.0379807960234	3	36.0759615920467
ENSG00000100883	53.6356472556621	-23.817823627831	3	61.6356472556621
ENSG00000124120	31.4457376695666	-12.7228688347833	3	39.4457376695666
ENSG00000159763	56.7580556032831	-25.3790278016416	3	64.7580556032831
ENSG00000171722	-3.16567871028159	4.58283935514079	3	4.83432128971841
ENSG00000171723	39.4812023678806	-16.7406011839403	3	47.4812023678806
ENSG00000171724	21.1120659681787	-7.55603298408934	3	29.1120659681787
