genename	AIC	lnL	k	AICC
ENSG00000197376	-20.1269363466777	13.0634681733388	3	-12.1269363466777
ENSG00000123473	14.8956602528793	-4.44783012643964	3	22.8956602528793
ENSG00000151503	30.1825349961634	-12.0912674980817	3	38.1825349961634
ENSG00000151500	53.465082921929	-23.7325414609645	3	61.465082921929
ENSG00000103061	48.5279031544892	-21.2639515772446	3	56.5279031544892
ENSG00000176714	20.0385908927474	-7.01929544637368	3	28.0385908927474
ENSG00000176715	35.0487862700452	-14.5243931350226	3	43.0487862700452
ENSG00000107036	40.500511613755	-17.2502558068775	3	48.500511613755
ENSG00000170419	-6.36577698239897	6.18288849119949	3	1.63422301760103
ENSG00000160959	27.2941000067101	-10.647050003355	3	35.2941000067101
ENSG00000174970	-16.0396882123232	11.0198441061616	3	-8.03968821232319
ENSG00000170412	29.1042526004671	-11.5521263002335	3	37.1042526004671
ENSG00000155287	52.7215310444799	-23.36076552224	3	60.7215310444799
ENSG00000170417	67.3622105209852	-30.6811052604926	3	75.3622105209852
ENSG00000254986	37.8906045714291	-15.9453022857146	3	45.8906045714291
ENSG00000134460	16.6815729981821	-5.34078649909107	3	24.6815729981821
ENSG00000134461	32.202493623476	-13.101246811738	3	40.202493623476
ENSG00000134463	63.8952727248907	-28.9476363624453	3	71.8952727248907
ENSG00000111961	58.4778000159305	-26.2389000079653	3	66.4778000159305
ENSG00000111962	46.8004836379839	-20.400241818992	3	54.8004836379839
ENSG00000123610	62.3328059074587	-28.1664029537293	3	70.3328059074587
ENSG00000012504	33.0359027730597	-13.5179513865299	3	41.0359027730597
ENSG00000169575	-18.2639252091497	12.1319626045748	3	-10.2639252091497
ENSG00000078124	71.0749760150848	-32.5374880075424	3	79.0749760150848
ENSG00000136826	57.1794965639548	-25.5897482819774	3	65.1794965639548
ENSG00000136827	41.7500635126534	-17.8750317563267	3	49.7500635126534
ENSG00000136824	39.1591181349156	-16.5795590674578	3	47.1591181349156
ENSG00000134684	49.6576900769179	-21.828845038459	3	57.6576900769179
ENSG00000134686	52.0520789958632	-23.0260394979316	3	60.0520789958632
ENSG00000168772	47.1260970376911	-20.5630485188455	3	55.1260970376911
ENSG00000197993	24.3048189649843	-9.15240948249217	3	32.3048189649843
ENSG00000175592	13.3837365240989	-3.69186826204946	3	21.3837365240989
ENSG00000175591	26.6068103945711	-10.3034051972855	3	34.6068103945711
ENSG00000145022	64.7392224439017	-29.3696112219509	3	72.7392224439017
ENSG00000038945	56.7804757036271	-25.3902378518135	3	64.7804757036271
ENSG00000092010	71.3373308655144	-32.6686654327572	3	79.3373308655144
ENSG00000094914	25.230709652661	-9.61535482633051	3	33.230709652661
ENSG00000094916	63.5728328415135	-28.7864164207567	3	71.5728328415135
ENSG00000108702	23.8316974496441	-8.91584872482203	3	31.8316974496441
ENSG00000108878	18.2490804766875	-6.12454023834377	3	26.2490804766875
ENSG00000177994	14.9924054948657	-4.49620274743284	3	22.9924054948657
ENSG00000105939	43.1680380496159	-18.5840190248079	3	51.1680380496159
ENSG00000120820	50.4557682655482	-22.2278841327741	3	58.4557682655482
ENSG00000133103	39.0077094814624	-16.5038547407312	3	47.0077094814624
ENSG00000135336	48.0208945133576	-21.0104472566788	3	56.0208945133576
ENSG00000135334	55.8156235040739	-24.9078117520369	3	63.8156235040739
ENSG00000138660	69.9889558534618	-31.9944779267309	3	77.9889558534618
ENSG00000131650	-20.2781603395104	13.1390801697552	3	-12.2781603395104
ENSG00000131652	35.8541191893799	-14.9270595946899	3	43.8541191893799
ENSG00000142684	67.5257600974992	-30.7628800487496	3	75.5257600974992
ENSG00000147419	55.1665834406382	-24.5832917203191	3	63.1665834406382
ENSG00000135338	27.189539630062	-10.594769815031	3	35.189539630062
ENSG00000003147	48.5888555651301	-21.294427782565	3	56.5888555651301
ENSG00000132305	57.0846143021542	-25.5423071510771	3	65.0846143021542
ENSG00000175727	34.5949033799892	-14.2974516899946	3	42.5949033799892
ENSG00000149100	65.9414001234099	-29.9707000617049	3	73.9414001234099
ENSG00000015285	32.0076771680722	-13.0038385840361	3	40.0076771680722
ENSG00000221947	4.99867836512312	0.500660817438439	3	12.9986783651231
ENSG00000177663	58.3710787717701	-26.185539385885	3	66.3710787717701
ENSG00000071189	51.2673686235512	-22.6336843117756	3	59.2673686235512
ENSG00000177192	36.7165769090901	-15.3582884545451	3	44.7165769090901
ENSG00000145309	-27.6823831324276	16.8411915662138	3	-19.6823831324276
ENSG00000177669	4.39811629933731	0.800941850331344	3	12.3981162993373
ENSG00000139687	52.7998834530617	-23.3999417265309	3	60.7998834530617
ENSG00000139684	77.0163425447129	-35.5081712723565	3	85.0163425447129
ENSG00000139291	45.2874471943039	-19.6437235971519	3	53.2874471943039
ENSG00000179097	-23.8400804823723	14.9200402411862	3	-15.8400804823723
ENSG00000162630	25.6251433813221	-9.81257169066106	3	33.6251433813221
ENSG00000188266	29.2601606737051	-11.6300803368526	3	37.2601606737051
ENSG00000162636	52.0700469974355	-23.0350234987177	3	60.0700469974355
ENSG00000185972	8.36859079659589	-1.18429539829794	3	16.3685907965959
ENSG00000185973	37.8707642423398	-15.9353821211699	3	45.8707642423398
ENSG00000162639	15.782555520867	-4.89127776043351	3	23.782555520867
ENSG00000165060	56.3505556057421	-25.1752778028711	3	64.3505556057421
ENSG00000165061	31.955686046892	-12.977843023446	3	39.955686046892
ENSG00000185627	62.4666293536816	-28.2333146768408	3	70.4666293536816
ENSG00000146457	61.5164727488977	-27.7582363744489	3	69.5164727488977
ENSG00000169914	44.094791789455	-19.0473958947275	3	52.094791789455
ENSG00000213928	53.6465141877614	-23.8232570938807	3	61.6465141877614
ENSG00000042062	26.2780635688283	-10.1390317844142	3	34.2780635688283
ENSG00000163541	81.7624538659907	-37.8812269329953	3	89.7624538659907
ENSG00000205544	96.0184360926285	-45.0092180463143	3	104.018436092629
ENSG00000047662	2.68012017943513	1.65993991028243	3	10.6801201794351
ENSG00000109471	9.41101727789846	-1.70550863894923	3	17.4110172778985
ENSG00000162496	75.1892351438444	-34.5946175719222	3	83.1892351438444
ENSG00000162494	10.3716309823052	-2.18581549115262	3	18.3716309823052
ENSG00000162493	56.254765209996	-25.127382604998	3	64.254765209996
ENSG00000162490	-5.82539435650033	5.91269717825017	3	2.17460564349967
ENSG00000198646	36.1852948053005	-15.0926474026502	3	44.1852948053005
ENSG00000162944	55.4348541119558	-24.7174270559779	3	63.4348541119558
ENSG00000162946	21.3016259624369	-7.65081298121844	3	29.3016259624369
ENSG00000162949	8.84552662196367	-1.42276331098183	3	16.8455266219637
ENSG00000138111	18.2657668582586	-6.13288342912931	3	26.2657668582586
ENSG00000090857	39.2012272826236	-16.6006136413118	3	47.2012272826236
ENSG00000138796	92.7657891571229	-43.3828945785614	3	100.765789157123
ENSG00000138795	16.9631498485524	-5.48157492427618	3	24.9631498485524
ENSG00000138028	46.2508499907579	-20.1254249953789	3	54.2508499907579
ENSG00000138029	78.560116982564	-36.280058491282	3	86.560116982564
ENSG00000166448	13.723869612101	-3.86193480605049	3	21.723869612101
ENSG00000128708	49.3186654283546	-21.6593327141773	3	57.3186654283546
ENSG00000182287	48.5638345951658	-21.2819172975829	3	56.5638345951658
ENSG00000166446	30.5235632376614	-12.2617816188307	3	38.5235632376614
ENSG00000157617	60.6320535218054	-27.3160267609027	3	68.6320535218054
ENSG00000157343	21.2381040728279	-7.61905203641395	3	29.2381040728279
ENSG00000157613	34.8113316450191	-14.4056658225095	3	42.8113316450191
ENSG00000122432	43.0858056832386	-18.5429028416193	3	51.0858056832386
ENSG00000122435	51.3865487753835	-22.6932743876917	3	59.3865487753835
ENSG00000153823	44.636149758771	-19.3180748793855	3	52.636149758771
ENSG00000196814	31.3657680814984	-12.6828840407492	3	39.3657680814984
ENSG00000153820	42.0861101789621	-18.0430550894811	3	50.0861101789621
ENSG00000153827	67.7203432589001	-30.86017162945	3	75.7203432589001
ENSG00000137558	45.7135896703723	-19.8567948351862	3	53.7135896703723
ENSG00000154839	42.5058527253988	-18.2529263626994	3	50.5058527253988
ENSG00000137221	21.2520887091872	-7.62604435459361	3	29.2520887091872
ENSG00000164332	44.0928328381212	-19.0464164190606	3	52.0928328381212
ENSG00000164334	3.35203146162198	1.32398426918901	3	11.352031461622
ENSG00000100418	79.0433485872177	-36.5216742936088	3	87.0433485872177
ENSG00000100416	35.2732321541228	-14.6366160770614	3	43.2732321541228
ENSG00000100417	60.5071134202408	-27.2535567101204	3	68.5071134202408
ENSG00000144161	46.4389541054585	-20.2194770527292	3	54.4389541054585
ENSG00000100412	63.3924460122464	-28.6962230061232	3	71.3924460122464
ENSG00000100413	46.9725139022588	-20.4862569511294	3	54.9725139022588
ENSG00000100410	68.3461637401018	-31.1730818700509	3	76.3461637401018
ENSG00000015413	46.2913625309883	-20.1456812654942	3	54.2913625309883
ENSG00000159761	13.0655347014426	-3.53276735072128	3	21.0655347014426
ENSG00000100665	-39.2163983329451	22.6081991664726	3	-31.2163983329451
ENSG00000186191	-23.6638771487032	14.8319385743516	3	-15.6638771487032
ENSG00000244274	55.2609730781378	-24.6304865390689	3	63.2609730781378
ENSG00000186666	30.8770387324947	-12.4385193662473	3	38.8770387324947
ENSG00000186197	43.8260574492583	-18.9130287246292	3	51.8260574492583
ENSG00000126226	57.5362139075523	-25.7681069537761	3	65.5362139075523
ENSG00000186198	16.7840750759807	-5.39203753799037	3	24.7840750759807
ENSG00000203867	14.4445793038144	-4.22228965190721	3	22.4445793038144
ENSG00000174502	-3.67810934998261	4.8390546749913	3	4.32189065001739
ENSG00000174500	27.599857946496	-10.799928973248	3	35.599857946496
ENSG00000182631	-31.4438070861567	18.7219035430783	3	-23.4438070861567
ENSG00000116729	56.1258215061997	-25.0629107530999	3	64.1258215061997
ENSG00000206562	44.424089379773	-19.2120446898865	3	52.424089379773
ENSG00000123472	53.5409190640627	-23.7704595320313	3	61.5409190640627
ENSG00000140688	36.87273468012	-15.43636734006	3	44.87273468012
ENSG00000088451	30.9623766293196	-12.4811883146598	3	38.9623766293196
ENSG00000128271	13.1970931071817	-3.59854655359083	3	21.1970931071817
ENSG00000077063	30.5584243872945	-12.2792121936473	3	38.5584243872945
ENSG00000072364	45.7650410208197	-19.8825205104098	3	53.7650410208197
ENSG00000140682	37.1467221442292	-15.5733610721146	3	45.1467221442292
ENSG00000277972	92.0535209365573	-43.0267604682786	3	100.053520936557
ENSG00000130024	49.581098097423	-21.7905490487115	3	57.581098097423
ENSG00000139044	-16.4880181639341	11.2440090819671	3	-8.48801816393414
ENSG00000130023	40.6852286878361	-17.3426143439181	3	48.6852286878361
ENSG00000164970	42.3548487623547	-18.1774243811774	3	50.3548487623547
ENSG00000140474	28.9367133190696	-11.4683566595348	3	36.9367133190696
ENSG00000129152	4.35981484072281	0.820092579638594	3	12.3598148407228
ENSG00000129151	-8.66339717642025	7.33169858821012	3	-0.663397176420245
ENSG00000019505	10.7923249158312	-2.39616245791559	3	18.7923249158312
ENSG00000170627	7.49778608071873	-0.748893040359365	3	15.4977860807187
ENSG00000170624	51.786613731677	-22.8933068658385	3	59.786613731677
ENSG00000173567	4.22010636908471	0.889946815457645	3	12.2201063690847
ENSG00000134851	62.7134069477546	-28.3567034738773	3	70.7134069477546
ENSG00000172183	37.4552076591877	-15.7276038295939	3	45.4552076591877
ENSG00000153446	26.2562850283123	-10.1281425141562	3	34.2562850283123
ENSG00000174788	17.3059415951123	-5.65297079755616	3	25.3059415951123
ENSG00000139746	40.2667464154043	-17.1333732077021	3	48.2667464154043
ENSG00000122877	25.5802737522404	-9.7901368761202	3	33.5802737522404
ENSG00000179715	31.5430167720779	-12.771508386039	3	39.5430167720779
ENSG00000087299	31.9845706723069	-12.9922853361534	3	39.9845706723069
ENSG00000175104	33.9022524587394	-13.9511262293697	3	41.9022524587394
ENSG00000111554	32.4923814923142	-13.2461907461571	3	40.4923814923142
ENSG00000180902	37.1276077382708	-15.5638038691354	3	45.1276077382708
ENSG00000032389	59.2059945610947	-26.6029972805474	3	67.2059945610947
ENSG00000078804	30.1987417586748	-12.0993708793374	3	38.1987417586748
ENSG00000064102	39.6136665880791	-16.8068332940396	3	47.6136665880791
ENSG00000160233	39.6143138273274	-16.8071569136637	3	47.6143138273274
ENSG00000068489	14.668329339557	-4.33416466977848	3	22.668329339557
ENSG00000089327	59.9906249100588	-26.9953124550294	3	67.9906249100588
ENSG00000189410	4.96164793357815	0.519176033210926	3	12.9616479335781
ENSG00000184502	-9.52456283522045	7.76228141761022	3	-1.52456283522045
ENSG00000168096	26.4461297118939	-10.2230648559469	3	34.4461297118939
ENSG00000111737	52.1731220638138	-23.0865610319069	3	60.1731220638138
ENSG00000205835	-13.8405028253603	9.92025141268015	3	-5.8405028253603
ENSG00000111731	48.7140781362084	-21.3570390681042	3	56.7140781362084
ENSG00000111732	33.5194678237353	-13.7597339118677	3	41.5194678237353
ENSG00000137463	30.2082032028414	-12.1041016014207	3	38.2082032028414
ENSG00000087470	53.9996535697399	-23.9998267848699	3	61.9996535697399
ENSG00000103496	48.0138020897788	-21.0069010448894	3	56.0138020897788
ENSG00000147082	6.34517344256535	-0.172586721282676	3	14.3451734425654
ENSG00000103494	18.016837314106	-6.00841865705302	3	26.016837314106
ENSG00000154080	12.5655711378036	-3.28278556890182	3	20.5655711378036
ENSG00000103490	46.5579681289004	-20.2789840644502	3	54.5579681289004
ENSG00000107938	32.6100189610386	-13.3050094805193	3	40.6100189610386
ENSG00000093000	44.8129608570178	-19.4064804285089	3	52.8129608570178
ENSG00000106511	54.7723696650799	-24.3861848325399	3	62.7723696650799
ENSG00000092758	38.7435727232074	-16.3717863616037	3	46.7435727232074
ENSG00000047056	46.2208829443248	-20.1104414721624	3	54.2208829443248
ENSG00000092203	47.9245841481997	-20.9622920740999	3	55.9245841481997
ENSG00000258289	71.6552218068437	-32.8276109034218	3	79.6552218068437
ENSG00000105894	72.3031939440998	-33.1515969720499	3	80.3031939440998
ENSG00000092208	41.4599284523745	-17.7299642261873	3	49.4599284523745
ENSG00000118514	21.4202489041115	-7.71012445205576	3	29.4202489041115
ENSG00000176454	33.1348770083979	-13.567438504199	3	41.1348770083979
ENSG00000150938	66.1902061439739	-30.0951030719869	3	74.1902061439739
ENSG00000176102	64.1039278462275	-29.0519639231138	3	72.1039278462275
ENSG00000132467	48.1952744902854	-21.0976372451427	3	56.1952744902854
ENSG00000132464	7.96018105536321	-0.980090527681602	3	15.9601810553632
ENSG00000132465	74.1817249545609	-34.0908624772805	3	82.1817249545609
ENSG00000132463	65.2665337557067	-29.6332668778533	3	73.2665337557067
ENSG00000198369	35.2967382483624	-14.6483691241812	3	43.2967382483624
ENSG00000134146	49.7377169030374	-21.8688584515187	3	57.7377169030374
ENSG00000177853	43.0363548364357	-18.5181774182178	3	51.0363548364357
ENSG00000184368	13.3064893066045	-3.65324465330227	3	21.3064893066045
ENSG00000143742	89.5791018342985	-41.7895509171493	3	97.5791018342985
ENSG00000198363	93.3096297861552	-43.6548148930776	3	101.309629786155
ENSG00000143740	24.9903264990727	-9.49516324953636	3	32.9903264990727
ENSG00000128951	58.5498955775341	-26.274947788767	3	66.5498955775341
ENSG00000131844	64.2911840411585	-29.1455920205793	3	72.2911840411585
ENSG00000166275	72.101717292522	-33.050858646261	3	80.101717292522
ENSG00000166272	55.94322728597	-24.971613642985	3	63.94322728597
ENSG00000123130	66.0370488754374	-30.0185244377187	3	74.0370488754374
ENSG00000123131	69.5770172800395	-31.7885086400198	3	77.5770172800395
ENSG00000157111	11.8939452293427	-2.94697261467137	3	19.8939452293427
ENSG00000157110	65.1242719736247	-29.5621359868124	3	73.1242719736247
ENSG00000149591	83.2658187942322	-38.6329093971161	3	91.2658187942322
ENSG00000132792	49.3345800804997	-21.6672900402498	3	57.3345800804997
ENSG00000163959	16.4038360413275	-5.20191802066374	3	24.4038360413275
ENSG00000168234	38.2911992766202	-16.1455996383101	3	46.2911992766202
ENSG00000120057	75.6561365171769	-34.8280682585885	3	83.6561365171769
ENSG00000163220	77.0065698438785	-35.5032849219392	3	85.0065698438785
ENSG00000168237	71.028392006353	-32.5141960031765	3	79.028392006353
ENSG00000167272	47.3535359887928	-20.6767679943964	3	55.3535359887928
ENSG00000169877	21.3640152501545	-7.68200762507726	3	29.3640152501545
ENSG00000168081	28.1678212395321	-11.083910619766	3	36.1678212395321
ENSG00000114812	28.5227244666807	-11.2613622333404	3	36.5227244666807
ENSG00000183569	56.9588017887977	-25.4794008943988	3	64.9588017887977
ENSG00000126603	20.6205905834068	-7.31029529170342	3	28.6205905834068
ENSG00000204006	24.3146927214263	-9.15734636071315	3	32.3146927214263
ENSG00000204007	29.2407826536881	-11.6203913268441	3	37.2407826536881
ENSG00000059691	28.9885110449293	-11.4942555224646	3	36.9885110449293
ENSG00000024862	45.19152386719	-19.595761933595	3	53.19152386719
ENSG00000272514	14.2351612613491	-4.11758063067453	3	22.2351612613491
ENSG00000074276	1.23537713581362	2.38231143209319	3	9.23537713581362
ENSG00000134061	24.117165162935	-9.0585825814675	3	32.117165162935
ENSG00000146826	14.3398246572906	-4.16991232864528	3	22.3398246572906
ENSG00000136541	-12.0892500081614	9.04462500408069	3	-4.08925000816138
ENSG00000052802	53.6187294665372	-23.8093647332686	3	61.6187294665372
ENSG00000254093	33.1111112394498	-13.5555556197249	3	41.1111112394498
ENSG00000119396	65.0043956749338	-29.5021978374669	3	73.0043956749338
ENSG00000158169	28.4058103926486	-11.2029051963243	3	36.4058103926486
ENSG00000158163	47.4748190437666	-20.7374095218833	3	55.4748190437666
ENSG00000183346	41.6639287704445	-17.8319643852223	3	49.6639287704445
ENSG00000167904	47.0773317256684	-20.5386658628342	3	55.0773317256684
ENSG00000035928	50.3850994430719	-22.1925497215359	3	58.3850994430719
ENSG00000167900	12.0719370130862	-3.0359685065431	3	20.0719370130862
ENSG00000138495	119.563491584908	-56.7817457924541	3	127.563491584908
ENSG00000141664	42.7039649756011	-18.3519824878006	3	50.7039649756011
ENSG00000138496	53.0115363550791	-23.5057681775396	3	61.0115363550791
ENSG00000137764	41.4659915249952	-17.7329957624976	3	49.4659915249952
ENSG00000137941	37.9592198802237	-15.9796099401118	3	45.9592198802237
ENSG00000187105	18.1240926805965	-6.06204634029827	3	26.1240926805965
ENSG00000180336	-16.1213714107117	11.0606857053559	3	-8.1213714107117
ENSG00000150776	41.7547173915796	-17.8773586957898	3	49.7547173915796
ENSG00000180332	32.7114955783033	-13.3557477891516	3	40.7114955783033
ENSG00000141668	-1.43959617820434	3.71979808910217	3	6.56040382179566
ENSG00000172731	33.5331534481394	-13.7665767240697	3	41.5331534481394
ENSG00000130234	74.0496548285002	-34.0248274142501	3	82.0496548285002
ENSG00000050405	66.474196844205	-30.2370984221025	3	74.474196844205
ENSG00000122378	98.5496956165062	-46.2748478082531	3	106.549695616506
ENSG00000157800	42.0951033910937	-18.0475516955468	3	50.0951033910937
ENSG00000122375	-0.322203575872532	3.16110178793627	3	7.67779642412747
ENSG00000173171	39.4829527290553	-16.7414763645276	3	47.4829527290553
ENSG00000232125	-19.5513826821907	12.7756913410953	3	-11.5513826821907
ENSG00000165501	26.0967243878145	-10.0483621939072	3	34.0967243878145
ENSG00000165507	85.268276045533	-39.6341380227665	3	93.268276045533
ENSG00000165506	33.3111349295823	-13.6555674647912	3	41.3111349295823
ENSG00000121578	40.7713614583274	-17.3856807291637	3	48.7713614583274
ENSG00000125851	29.7809944579692	-11.8904972289846	3	37.7809944579692
ENSG00000125850	20.1578313839711	-7.07891569198557	3	28.1578313839711
ENSG00000146416	82.6719543203228	-38.3359771601614	3	90.6719543203228
ENSG00000196371	28.6790238771127	-11.3395119385563	3	36.6790238771127
ENSG00000196372	36.3235974289655	-15.1617987144828	3	44.3235974289655
ENSG00000213523	69.4889321802857	-31.7444660901429	3	77.4889321802857
ENSG00000188186	101.038534676606	-47.5192673383029	3	109.038534676606
ENSG00000196376	2.88693387960929	1.55653306019536	3	10.8869338796093
ENSG00000121577	18.7654791653232	-6.38273958266159	3	26.7654791653232
ENSG00000172262	43.8631458153639	-18.9315729076819	3	51.8631458153639
ENSG00000112419	61.6493153987403	-27.8246576993702	3	69.6493153987403
ENSG00000181885	38.8733790630374	-16.4366895315187	3	46.8733790630374
ENSG00000112414	69.9108731660744	-31.9554365830372	3	77.9108731660744
ENSG00000112146	57.3092686068368	-25.6546343034184	3	65.3092686068368
ENSG00000116117	45.0193304623474	-19.5096652311737	3	53.0193304623474
ENSG00000117640	52.3499036977312	-23.1749518488656	3	60.3499036977312
ENSG00000140044	50.0061676015381	-22.003083800769	3	58.0061676015381
ENSG00000140043	64.202847284335	-29.1014236421675	3	72.202847284335
ENSG00000119820	54.9850723154419	-24.4925361577209	3	62.9850723154419
ENSG00000145569	56.480247510552	-25.240123755276	3	64.480247510552
ENSG00000183733	-8.12928931288345	7.06464465644173	3	-0.129289312883451
ENSG00000148719	35.619651550791	-14.8098257753955	3	43.619651550791
ENSG00000205060	32.6032533731176	-13.3016266865588	3	40.6032533731176
ENSG00000155265	46.3019380806437	-20.1509690403218	3	54.3019380806437
ENSG00000033170	43.819299158424	-18.909649579212	3	51.819299158424
ENSG00000100060	60.161746375017	-27.0808731875085	3	68.161746375017
ENSG00000104760	54.3975486242661	-24.198774312133	3	62.3975486242661
ENSG00000104763	82.985626474562	-38.492813237281	3	90.985626474562
ENSG00000103264	56.6278332482785	-25.3139166241393	3	64.6278332482785
ENSG00000107581	60.8914639448524	-27.4457319724262	3	68.8914639448524
ENSG00000197992	24.8911897908199	-9.44559489540995	3	32.8911897908199
ENSG00000146918	16.428160384085	-5.2140801920425	3	24.428160384085
ENSG00000174197	38.2472805231435	-16.1236402615717	3	46.2472805231435
ENSG00000146910	16.5335625551937	-5.26678127759686	3	24.5335625551937
ENSG00000164106	47.8196352141658	-20.9098176070829	3	55.8196352141658
ENSG00000164107	35.4599414403287	-14.7299707201643	3	43.4599414403287
ENSG00000178394	-32.894390190327	19.4471950951635	3	-24.894390190327
ENSG00000164105	33.6571617602467	-13.8285808801233	3	41.6571617602467
ENSG00000164109	38.0783961337335	-16.0391980668667	3	46.0783961337335
ENSG00000159784	13.2174710759315	-3.60873553796577	3	21.2174710759315
ENSG00000175826	47.4046863786728	-20.7023431893364	3	55.4046863786728
ENSG00000100601	34.5133926236	-14.2566963118	3	42.5133926236
ENSG00000100600	80.4926734850254	-37.2463367425127	3	88.4926734850254
ENSG00000124107	60.5754904063654	-27.2877452031827	3	68.5754904063654
ENSG00000100605	57.4125408449797	-25.7062704224898	3	65.4125408449797
ENSG00000171873	-0.838863488380187	3.41943174419009	3	7.16113651161981
ENSG00000120159	46.0044140189472	-20.0022070094736	3	54.0044140189472
ENSG00000120158	47.6722485404183	-20.8361242702091	3	55.6722485404183
ENSG00000197429	34.7573109896649	-14.3786554948325	3	42.7573109896649
ENSG00000176732	27.6267478440184	-10.8133739220092	3	35.6267478440184
ENSG00000123453	31.0978806797851	-12.5489403398926	3	39.0978806797851
ENSG00000123454	-24.7002740835758	15.3501370417879	3	-16.7002740835758
ENSG00000160685	51.545618386485	-22.7728091932425	3	59.545618386485
ENSG00000160683	14.2040153297046	-4.10200766485231	3	22.2040153297046
ENSG00000170473	39.6609350325082	-16.8304675162541	3	47.6609350325082
ENSG00000170471	37.5467795060944	-15.7733897530472	3	45.5467795060944
ENSG00000110013	41.2294612841501	-17.614730642075	3	49.2294612841501
ENSG00000170476	23.2157630633027	-8.60788153165137	3	31.2157630633027
ENSG00000144962	22.3049944923972	-8.1524972461986	3	30.3049944923972
ENSG00000134443	13.4603045482923	-3.73015227414618	3	21.4603045482923
ENSG00000134440	59.8662796667606	-26.9331398333803	3	67.8662796667606
ENSG00000143537	52.2244573581744	-23.1122286790872	3	60.2244573581744
ENSG00000134330	54.6237198575268	-24.3118599287634	3	62.6237198575268
ENSG00000178645	-1.37950928446755	3.68975464223377	3	6.62049071553245
ENSG00000134444	43.9202856264008	-18.9601428132004	3	51.9202856264008
ENSG00000013293	-2.44118428984484	4.22059214492242	3	5.55881571015516
ENSG00000143248	78.1743263322615	-36.0871631661308	3	86.1743263322615
ENSG00000013297	26.6613762462288	-10.3306881231144	3	34.6613762462288
ENSG00000205359	18.3948266578521	-6.19741332892607	3	26.3948266578521
ENSG00000124812	23.0686628168898	-8.5343314084449	3	31.0686628168898
ENSG00000124818	-24.6426561778999	15.3213280889499	3	-16.6426561778999
ENSG00000176842	44.5997126017117	-19.2998563008559	3	52.5997126017117
ENSG00000176845	53.7799720367189	-23.8899860183595	3	61.7799720367189
ENSG00000169550	84.4628764745601	-39.2314382372801	3	92.4628764745601
ENSG00000078140	48.3237377700154	-21.1618688850077	3	56.3237377700154
ENSG00000078142	45.3700904017017	-19.6850452008509	3	53.3700904017017
ENSG00000160062	28.6851433528219	-11.342571676411	3	36.6851433528219
ENSG00000007202	63.1459808141991	-28.5729904070996	3	71.1459808141991
ENSG00000167487	22.4315762459679	-8.21578812298395	3	30.4315762459679
ENSG00000094975	42.6856112936927	-18.3428056468463	3	50.6856112936927
ENSG00000102359	61.6028097011481	-27.801404850574	3	69.6028097011481
ENSG00000215788	25.9174120128813	-9.95870600644064	3	33.9174120128813
ENSG00000156030	39.1224488248794	-16.5612244124397	3	47.1224488248794
ENSG00000065970	27.2190529371792	-10.6095264685896	3	35.2190529371792
ENSG00000177469	102.365957597021	-48.1829787985104	3	110.365957597021
ENSG00000177468	-12.7274149411964	9.36370747059818	3	-4.72741494119636
ENSG00000175643	13.9987417300894	-3.99937086504469	3	21.9987417300894
ENSG00000143520	-15.4039667310404	10.7019833655202	3	-7.40396673104041
ENSG00000139515	-10.8595956080434	8.42979780402172	3	-2.85959560804343
ENSG00000179119	38.0754640881932	-16.0377320440966	3	46.0754640881932
ENSG00000087088	44.6325932578925	-19.3162966289463	3	52.6325932578925
ENSG00000105954	-5.18017619434869	5.59008809717434	3	2.81982380565131
ENSG00000179111	20.1393518527831	-7.06967592639156	3	28.1393518527831
ENSG00000135315	28.0463492233784	-11.0231746116892	3	36.0463492233784
ENSG00000147437	31.7948739900903	-12.8974369950451	3	39.7948739900903
ENSG00000129535	3.15028610512744	1.42485694743628	3	11.1502861051274
ENSG00000147439	41.5761172069952	-17.7880586034976	3	49.5761172069952
ENSG00000176597	37.4994242415982	-15.7497121207991	3	45.4994242415982
ENSG00000123636	58.6269925488583	-26.3134962744291	3	66.6269925488583
ENSG00000132323	63.4097138524305	-28.7048569262153	3	71.4097138524305
ENSG00000149124	44.7986612062146	-19.3993306031073	3	52.7986612062146
ENSG00000132635	24.2072434773609	-9.10362173868044	3	32.2072434773609
ENSG00000203952	48.4688084020315	-21.2344042010158	3	56.4688084020315
ENSG00000132329	71.3065991772409	-32.6532995886204	3	79.3065991772409
ENSG00000077549	63.6158577014011	-28.8079288507006	3	71.6158577014011
ENSG00000132639	18.0020198689018	-6.0010099344509	3	26.0020198689018
ENSG00000145365	43.8424938664054	-18.9212469332027	3	51.8424938664054
ENSG00000183137	45.2283864371485	-19.6141932185742	3	53.2283864371485
ENSG00000110900	42.337686556811	-18.1688432784055	3	50.337686556811
ENSG00000109182	9.65622261110932	-1.82811130555466	3	17.6562226111093
ENSG00000187730	55.650077134105	-24.8250385670525	3	63.650077134105
ENSG00000109180	63.4189325515303	-28.7094662757652	3	71.4189325515303
ENSG00000172031	3.82966544694204	1.08516727652898	3	11.829665446942
ENSG00000187735	65.85304197826	-29.92652098913	3	73.85304197826
ENSG00000111058	53.8854844303573	-23.9427422151786	3	61.8854844303573
ENSG00000057663	50.4169948585529	-22.2084974292765	3	58.4169948585529
ENSG00000133048	63.3469759364591	-28.6734879682296	3	71.3469759364591
ENSG00000118162	32.800783289132	-13.400391644566	3	40.800783289132
ENSG00000131871	56.8550479984819	-25.427523999241	3	64.855047998482
ENSG00000115827	27.798991638369	-10.8994958191845	3	35.798991638369
ENSG00000184640	55.6050940038803	-24.8025470019401	3	63.6050940038803
ENSG00000184647	17.5324714703784	-5.76623573518922	3	25.5324714703784
ENSG00000182492	59.8749872323425	-26.9374936161713	3	67.8749872323425
ENSG00000115828	49.5674179148084	-21.7837089574042	3	57.5674179148084
ENSG00000115539	56.0666673539356	-25.0333336769678	3	64.0666673539356
ENSG00000109458	45.1834751110728	-19.5917375555364	3	53.1834751110728
ENSG00000089486	41.3992570620813	-17.6996285310406	3	49.3992570620813
ENSG00000105374	51.0130930292284	-22.5065465146142	3	59.0130930292284
ENSG00000250722	110.448020500822	-52.2240102504112	3	118.448020500822
ENSG00000187595	7.85217667049211	-0.926088335246053	3	15.8521766704921
ENSG00000109323	36.649748355329	-15.3248741776645	3	44.649748355329
ENSG00000109321	61.6065704738733	-27.8032852369367	3	69.6065704738733
ENSG00000109320	37.4212648104867	-15.7106324052434	3	45.4212648104867
ENSG00000176136	69.6733676028393	-31.8366838014196	3	77.6733676028393
ENSG00000112624	32.6104028921645	-13.3052014460823	3	40.6104028921645
ENSG00000162961	83.9731132070664	-38.9865566035332	3	91.9731132070664
ENSG00000118702	49.795590274175	-21.8977951370875	3	57.795590274175
ENSG00000118707	26.4039188256569	-10.2019594128284	3	34.4039188256569
ENSG00000118705	57.7636670135191	-25.8818335067595	3	65.7636670135191
ENSG00000023318	68.3411895420433	-31.1705947710216	3	76.3411895420433
ENSG00000003436	60.5929346892032	-27.2964673446016	3	68.5929346892032
ENSG00000108582	51.5427059816954	-22.7713529908477	3	59.5427059816954
ENSG00000135446	54.8170676360014	-24.4085338180007	3	62.8170676360014
ENSG00000141295	48.6196707006174	-21.3098353503087	3	56.6196707006174
ENSG00000115758	56.4529432457589	-25.2264716228795	3	64.4529432457589
ENSG00000141293	23.8104247883538	-8.9052123941769	3	31.8104247883538
ENSG00000008323	38.7661062993203	-16.3830531496602	3	46.7661062993203
ENSG00000188822	9.54513542305666	-1.77256771152833	3	17.5451354230567
ENSG00000188820	22.2444157012922	-8.12220785064608	3	30.2444157012922
ENSG00000188827	20.4958810776629	-7.24794053883145	3	28.4958810776629
ENSG00000157637	67.194894225051	-30.5974471125255	3	75.194894225051
ENSG00000159387	18.5353631233361	-6.26768156166804	3	26.5353631233361
ENSG00000121900	41.4012639280206	-17.7006319640103	3	49.4012639280206
ENSG00000136158	51.7458474337843	-22.8729237168921	3	59.7458474337843
ENSG00000136159	57.6308987790989	-25.8154493895494	3	65.6308987790989
ENSG00000122417	53.7904645364298	-23.8952322682149	3	61.7904645364298
ENSG00000173614	42.6213385545984	-18.3106692772992	3	50.6213385545984
ENSG00000136152	52.1829862260766	-23.0914931130383	3	60.1829862260766
ENSG00000136153	34.7552394706823	-14.3776197353411	3	42.7552394706823
ENSG00000146476	45.2463682698243	-19.6231841349122	3	53.2463682698243
ENSG00000136155	20.3213178264093	-7.16065891320463	3	28.3213178264093
ENSG00000196743	85.763944450547	-39.8819722252735	3	93.763944450547
ENSG00000196290	40.1072056148499	-17.0536028074249	3	48.1072056148499
ENSG00000174697	84.4269802833633	-39.2134901416816	3	92.4269802833633
ENSG00000158315	23.4150555656853	-8.70752778284267	3	31.4150555656853
ENSG00000174695	101.100040788954	-47.5500203944769	3	109.100040788954
ENSG00000137200	39.2546052431819	-16.627302621591	3	47.2546052431819
ENSG00000137204	-10.508906348486	8.25445317424302	3	-2.50890634848605
ENSG00000137207	51.4487294460928	-22.7243647230464	3	59.4487294460928
ENSG00000144182	39.3738604080533	-16.6869302040266	3	47.3738604080533
ENSG00000112081	75.6631889555902	-34.8315944777951	3	83.6631889555902
ENSG00000100473	14.5484807913132	-4.27424039565662	3	22.5484807913132
ENSG00000126249	37.5695826097142	-15.7847913048571	3	45.5695826097142
ENSG00000126246	38.3514435291258	-16.1757217645629	3	46.3514435291258
ENSG00000186642	57.5001427916827	-25.7500713958414	3	65.5001427916827
ENSG00000113971	43.3573911187953	-18.6786955593976	3	51.3573911187953
ENSG00000178053	56.7173395658154	-25.3586697829077	3	64.7173395658154
ENSG00000204217	50.7579278688368	-22.3789639344184	3	58.7579278688368
ENSG00000178096	64.9842573939329	-29.4921286969665	3	72.9842573939329
ENSG00000178093	5.40008106717455	0.299959466412725	3	13.4000810671745
ENSG00000086102	46.2060582099308	-20.1030291049654	3	54.2060582099308
ENSG00000242110	49.154504145058	-21.577252072529	3	57.154504145058
ENSG00000052344	48.4350532380207	-21.2175266190104	3	56.4350532380207
ENSG00000116703	-13.1399412550292	9.56997062751459	3	-5.13994125502919
ENSG00000106648	22.3999107435353	-8.19995537176764	3	30.3999107435353
ENSG00000165457	56.5611644378245	-25.2805822189123	3	64.5611644378245
ENSG00000023572	60.067755970967	-27.0338779854835	3	68.067755970967
ENSG00000172845	58.4426014169506	-26.2213007084753	3	66.4426014169506
ENSG00000159958	26.722148721938	-10.361074360969	3	34.722148721938
ENSG00000274070	39.2542592376955	-16.6271296188478	3	47.2542592376955
ENSG00000132872	1.41372550332696	2.29313724833652	3	9.41372550332696
ENSG00000100124	34.3031485922435	-14.1515742961217	3	42.3031485922435
ENSG00000033050	44.0944225805136	-19.0472112902568	3	52.0944225805136
ENSG00000171621	48.0827988773941	-21.0413994386971	3	56.0827988773941
ENSG00000101074	20.3653884339983	-7.18269421699913	3	28.3653884339983
ENSG00000153802	18.1524378670553	-6.07621893352764	3	26.1524378670553
ENSG00000076351	33.8426668812581	-13.9213334406291	3	41.8426668812581
ENSG00000100299	51.7378469719021	-22.868923485951	3	59.7378469719021
ENSG00000175348	63.4659259152604	-28.7329629576302	3	71.4659259152604
ENSG00000007923	38.9238633031641	-16.461931651582	3	46.9238633031641
ENSG00000100294	37.7731089673193	-15.8865544836597	3	45.7731089673193
ENSG00000155096	62.2843116119136	-28.1421558059568	3	70.2843116119136
ENSG00000100297	32.3121966662299	-13.156098333115	3	40.3121966662299
ENSG00000155090	50.06475199341	-22.032375996705	3	58.06475199341
ENSG00000100292	52.0597388843486	-23.0298694421743	3	60.0597388843486
ENSG00000231256	14.611126182246	-4.30556309112299	3	22.611126182246
ENSG00000049541	33.3161364500664	-13.6580682250332	3	41.3161364500664
ENSG00000150627	30.7567884197402	-12.3783942098701	3	38.7567884197402
ENSG00000262919	30.1156105844951	-12.0578052922476	3	38.1156105844951
ENSG00000126861	9.96927509303396	-1.98463754651698	3	17.969275093034
ENSG00000126860	31.8932427303458	-12.9466213651729	3	39.8932427303458
ENSG00000113282	60.7513493095002	-27.3756746547501	3	68.7513493095002
ENSG00000151773	34.2529055647149	-14.1264527823574	3	42.2529055647149
ENSG00000140459	12.9719853100835	-3.48599265504174	3	20.9719853100835
ENSG00000140455	56.1622193569261	-25.081109678463	3	64.1622193569261
ENSG00000151779	42.3150509979057	-18.1575254989529	3	50.3150509979057
ENSG00000140450	44.9513779756505	-19.4756889878252	3	52.9513779756505
ENSG00000140451	3.40675151476593	1.29662424261704	3	11.4067515147659
ENSG00000125449	37.9928632811961	-15.9964316405981	3	45.9928632811961
ENSG00000110958	72.0645509714645	-33.0322754857322	3	80.0645509714645
ENSG00000183690	15.7380417430681	-4.86902087153403	3	23.7380417430681
ENSG00000100129	66.2771089987706	-30.1385544993853	3	74.2771089987706
ENSG00000170860	79.9510647260449	-36.9755323630225	3	87.9510647260449
ENSG00000125445	56.2956665867537	-25.1478332933769	3	64.2956665867537
ENSG00000196123	22.6234310631093	-8.31171553155463	3	30.6234310631093
ENSG00000125447	32.318203523832	-13.159101761916	3	40.318203523832
ENSG00000171115	38.70848977344	-16.35424488672	3	46.70848977344
ENSG00000159259	11.6428982677019	-2.82144913385095	3	19.6428982677019
ENSG00000120458	35.9101378368112	-14.9550689184056	3	43.9101378368112
ENSG00000157168	24.9045164385868	-9.45225821929339	3	32.9045164385868
ENSG00000155893	38.0499135502958	-16.0249567751479	3	46.0499135502958
ENSG00000166266	37.3438027895775	-15.6719013947888	3	45.3438027895775
ENSG00000111537	17.1448212147109	-5.57241060735543	3	25.1448212147109
ENSG00000120451	49.1445483883059	-21.5722741941529	3	57.1445483883059
ENSG00000176076	0.609475160619867	2.69526241969007	3	8.60947516061987
ENSG00000079150	68.3731461531542	-31.1865730765771	3	76.3731461531542
ENSG00000113758	51.3529230473313	-22.6764615236656	3	59.3529230473313
ENSG00000185340	34.6972177651175	-14.3486088825588	3	42.6972177651175
ENSG00000185345	61.4874102878392	-27.7437051439196	3	69.4874102878393
ENSG00000151445	49.5679985191441	-21.783999259572	3	57.5679985191441
ENSG00000185347	37.4801249351972	-15.7400624675986	3	45.4801249351972
ENSG00000160211	55.3571911870209	-24.6785955935105	3	63.3571911870209
ENSG00000183963	44.6013271006291	-19.3006635503146	3	52.6013271006291
ENSG00000124357	52.1824355824078	-23.0912177912039	3	60.1824355824078
ENSG00000160877	38.3947143292963	-16.1973571646482	3	46.3947143292963
ENSG00000205858	15.1677325673177	-4.58386628365883	3	23.1677325673177
ENSG00000075651	49.1779069024635	-21.5889534512317	3	57.1779069024635
ENSG00000140941	67.9956551663952	-30.9978275831976	3	75.9956551663952
ENSG00000082175	35.7630449951795	-14.8815224975897	3	43.7630449951795
ENSG00000176697	22.9275355992453	-8.46376779962265	3	30.9275355992453
ENSG00000174837	35.1932533939035	-14.5966266969517	3	43.1932533939035
ENSG00000172992	32.4870883931652	-13.2435441965826	3	40.4870883931652
ENSG00000102032	46.7568908022756	-20.3784454011378	3	54.7568908022756
ENSG00000102030	51.0865910300969	-22.5432955150484	3	59.0865910300969
ENSG00000106066	44.4515900996572	-19.2257950498286	3	52.4515900996572
ENSG00000213347	35.2735844395733	-14.6367922197867	3	43.2735844395733
ENSG00000102034	22.421017016334	-8.210508508167	3	30.421017016334
ENSG00000134780	21.7655861676857	-7.88279308384286	3	29.7655861676857
ENSG00000143183	60.757157288846	-27.378578644423	3	68.7571572888459
ENSG00000109846	111.171689416863	-52.5858447084314	3	119.171689416863
ENSG00000058799	45.8038840740718	-19.9019420370359	3	53.8038840740718
ENSG00000109667	23.1644941197307	-8.58224705986536	3	31.1644941197307
ENSG00000048707	62.2923108307983	-28.1461554153992	3	70.2923108307983
ENSG00000175077	-28.1097335400675	17.0548667700337	3	-20.1097335400675
ENSG00000187715	22.2217634012262	-8.1108817006131	3	30.2217634012262
ENSG00000118579	54.4414215629054	-24.2207107814527	3	62.4414215629054
ENSG00000064787	-2.17347818751353	4.08673909375677	3	5.82652181248647
ENSG00000174442	25.4448587233118	-9.72242936165592	3	33.4448587233118
ENSG00000176473	30.2975775089543	-12.1487887544772	3	38.2975775089543
ENSG00000179630	58.2215301965831	-26.1107650982916	3	66.2215301965831
ENSG00000176476	40.5489085049773	-17.2744542524886	3	48.5489085049773
ENSG00000184349	40.5188226872239	-17.2594113436119	3	48.5188226872239
ENSG00000149600	38.2076143226105	-16.1038071613052	3	46.2076143226105
ENSG00000184344	25.3808500827721	-9.69042504138607	3	33.3808500827721
ENSG00000184343	5.63474911739985	0.182625441300076	3	13.6347491173998
ENSG00000132406	64.2495828012441	-29.124791400622	3	72.2495828012441
ENSG00000163029	59.4569631876478	-26.7284815938239	3	67.4569631876478
ENSG00000181195	53.1634516301254	-23.5817258150627	3	61.1634516301254
ENSG00000177875	28.3214276007508	-11.1607138003754	3	36.3214276007508
ENSG00000167077	5.42822680389214	0.285886598053931	3	13.4282268038921
ENSG00000163026	24.5555271686817	-9.27776358434085	3	32.5555271686817
ENSG00000167074	49.8465169024921	-21.9232584512461	3	57.8465169024921
ENSG00000147606	11.3882332188903	-2.69411660944514	3	19.3882332188903
ENSG00000143365	33.9981854333333	-13.9990927166667	3	41.9981854333333
ENSG00000162775	22.5527445696911	-8.27637228484557	3	30.5527445696911
ENSG00000162772	52.5853717098234	-23.2926858549117	3	60.5853717098234
ENSG00000185838	38.4730038199235	-16.2365019099618	3	46.4730038199235
ENSG00000164182	62.2879243433059	-28.143962171653	3	70.2879243433059
ENSG00000166886	38.9499543418691	-16.4749771709345	3	46.9499543418691
ENSG00000162779	16.5910275574355	-5.29551377871775	3	24.5910275574355
ENSG00000059122	35.3321021231634	-14.6660510615817	3	43.3321021231634
ENSG00000152457	39.3181208919695	-16.6590604459848	3	47.3181208919695
ENSG00000157131	14.7003985347505	-4.35019926737527	3	22.7003985347505
ENSG00000174448	36.22748502104	-15.11374251052	3	44.22748502104
ENSG00000181449	-14.0343571660719	10.0171785830359	3	-6.03435716607187
ENSG00000181444	23.8836674818319	-8.94183374091597	3	31.8836674818319
ENSG00000168216	52.6694146556042	-23.3347073278021	3	60.6694146556042
ENSG00000163975	26.0276491307311	-10.0138245653655	3	34.027649130731
ENSG00000167291	47.8351924652276	-20.9175962326138	3	55.8351924652276
ENSG00000163795	22.8355862498573	-8.41779312492864	3	30.8355862498573
ENSG00000163798	90.8888589238773	-42.4444294619386	3	98.8888589238773
ENSG00000198917	33.203609574323	-13.6018047871615	3	41.203609574323
ENSG00000182183	43.4055663523894	-18.7027831761947	3	51.4055663523894
ENSG00000162511	55.2989349079426	-24.6494674539713	3	63.2989349079426
ENSG00000162510	-31.7147798079118	18.8573899039559	3	-23.7147798079118
ENSG00000162517	54.3509239770111	-24.1754619885055	3	62.3509239770111
ENSG00000182187	-22.0565789091459	14.028289454573	3	-14.0565789091459
ENSG00000182185	40.2171194086519	-17.108559704326	3	48.2171194086519
ENSG00000114346	33.332118965843	-13.6660594829215	3	41.332118965843
ENSG00000185290	83.3639277348974	-38.6819638674487	3	91.3639277348974
ENSG00000126522	45.4359253831287	-19.7179626915643	3	53.4359253831287
ENSG00000146453	2.37821374765943	1.81089312617028	3	10.3782137476594
ENSG00000126524	82.9993205349617	-38.4996602674808	3	90.9993205349617
ENSG00000172724	52.78144396665	-23.390721983325	3	60.78144396665
ENSG00000171953	35.7927838642801	-14.89639193214	3	43.7927838642801
ENSG00000169919	48.6612914445268	-21.3306457222634	3	56.6612914445268
ENSG00000187699	67.0765517476285	-30.5382758738142	3	75.0765517476285
ENSG00000228439	46.382240583562	-20.191120291781	3	54.382240583562
ENSG00000148950	55.6929850469424	-24.8464925234712	3	63.6929850469424
ENSG00000139725	23.7069207928476	-8.85346039642381	3	31.7069207928476
ENSG00000139726	60.918950330525	-27.4594751652625	3	68.918950330525
ENSG00000141316	-16.4958372490897	11.2479186245448	3	-8.49583724908969
ENSG00000172238	-20.1509607507595	13.0754803753797	3	-12.1509607507595
ENSG00000157796	37.4309891715492	-15.7154945857746	3	45.4309891715492
ENSG00000136522	56.7562041051908	-25.3781020525954	3	64.7562041051908
ENSG00000136527	63.7306209381599	-28.86531046908	3	71.7306209381599
ENSG00000169891	42.8206030940574	-18.4103015470287	3	50.8206030940574
ENSG00000101247	43.5481886163255	-18.7740943081628	3	51.5481886163255
ENSG00000169895	59.2907535176258	-26.6453767588129	3	67.2907535176258
ENSG00000167925	27.4932043641839	-10.7466021820919	3	35.4932043641839
ENSG00000180318	23.1078453414687	-8.55392267073437	3	31.1078453414687
ENSG00000172209	21.9462261834696	-7.97311309173481	3	29.9462261834696
ENSG00000179912	40.3971223375805	-17.1985611687903	3	48.3971223375805
ENSG00000141314	25.443485745154	-9.72174287257698	3	33.443485745154
ENSG00000187475	26.6689754565486	-10.3344877282743	3	34.6689754565486
ENSG00000172757	82.1517853540103	-38.0758926770052	3	90.1517853540103
ENSG00000122359	62.401403496677	-28.2007017483385	3	70.401403496677
ENSG00000009790	30.2168970162067	-12.1084485081034	3	38.2168970162067
ENSG00000157869	55.8733031131086	-24.9366515565543	3	63.8733031131086
ENSG00000165566	9.90106444948181	-1.9505322247409	3	17.9010644494818
ENSG00000100036	39.5473370283315	-16.7736685141657	3	47.5473370283315
ENSG00000125871	39.5314316056461	-16.7657158028231	3	47.5314316056461
ENSG00000125870	59.2019222633115	-26.6009611316558	3	67.2019222633115
ENSG00000125872	-6.58682270329848	6.29341135164924	3	1.41317729670152
ENSG00000125875	72.2836648009118	-33.1418324004559	3	80.2836648009118
ENSG00000125877	58.2966344140645	-26.1483172070322	3	66.2966344140645
ENSG00000125878	41.0400897829702	-17.5200448914851	3	49.0400897829702
ENSG00000116132	58.2651851448555	-26.1325925724277	3	66.2651851448555
ENSG00000116133	56.3410617818728	-25.1705308909364	3	64.3410617818728
ENSG00000112167	31.2398172672432	-12.6199086336216	3	39.2398172672432
ENSG00000109047	8.88463802003709	-1.44231901001854	3	16.8846380200371
ENSG00000116138	27.9583249728628	-10.9791624864314	3	35.9583249728628
ENSG00000070950	35.90054642793	-14.950273213965	3	43.90054642793
ENSG00000141378	45.3256951946733	-19.6628475973367	3	53.3256951946733
ENSG00000113569	28.1769469689327	-11.0884734844664	3	36.1769469689327
ENSG00000089159	45.4300978580684	-19.7150489290342	3	53.4300978580684
ENSG00000119844	44.1112442723675	-19.0556221361837	3	52.1112442723675
ENSG00000089154	53.2267160658179	-23.613358032909	3	61.2267160658179
ENSG00000205084	27.9711616319221	-10.985580815961	3	35.9711616319221
ENSG00000144649	29.5265473796557	-11.7632736898279	3	37.5265473796558
ENSG00000198818	65.2487340854915	-29.6243670427457	3	73.2487340854915
ENSG00000198815	52.2412544261794	-23.1206272130897	3	60.2412544261794
ENSG00000100591	55.4796123413341	-24.739806170667	3	63.4796123413341
ENSG00000159231	48.391632031449	-21.1958160157245	3	56.391632031449
ENSG00000054965	36.6607548839382	-15.3303774419691	3	44.6607548839382
ENSG00000100599	38.741613321368	-16.370806660684	3	46.741613321368
ENSG00000054967	9.94588113187907	-1.97294056593954	3	17.9458811318791
ENSG00000130255	122.659932642345	-58.3299663211726	3	130.659932642345
ENSG00000005194	50.3202123708173	-22.1601061854086	3	58.3202123708173
ENSG00000151092	42.8703894793758	-18.4351947396879	3	50.8703894793758
ENSG00000151093	29.9932411869446	-11.9966205934723	3	37.9932411869446
ENSG00000152217	44.4982116814666	-19.2491058407333	3	52.4982116814666
ENSG00000125386	34.1084679350443	-14.0542339675222	3	42.1084679350443
ENSG00000125384	36.7462338061071	-15.3731169030535	3	44.7462338061071
ENSG00000164161	16.0905957851675	-5.04529789258374	3	24.0905957851675
ENSG00000164162	46.6991542772018	-20.3495771386009	3	54.6991542772018
ENSG00000164163	56.8534237996281	-25.4267118998141	3	64.8534237996281
ENSG00000164164	39.3876209944669	-16.6938104972335	3	47.3876209944669
ENSG00000198604	44.1471406466054	-19.0735703233027	3	52.1471406466054
ENSG00000100625	19.5386423749017	-6.76932118745085	3	27.5386423749017
ENSG00000164169	36.2557201561476	-15.1278600780738	3	44.2557201561476
ENSG00000171855	-9.21197324466128	7.60598662233064	3	-1.21197324466128
ENSG00000171853	44.9257932253203	-19.4628966126601	3	52.9257932253203
ENSG00000197403	11.5013217760555	-2.75066088802777	3	19.5013217760555
ENSG00000197405	38.2991038270374	-16.1495519135187	3	46.2991038270374
ENSG00000175806	46.7891742803481	-20.3945871401741	3	54.7891742803481
ENSG00000135697	26.551170739075	-10.2755853695375	3	34.551170739075
ENSG00000160917	37.4652737954149	-15.7326368977075	3	45.4652737954149
ENSG00000198183	0.029284887355213	2.98535755632239	3	8.02928488735521
ENSG00000170325	22.3751194588895	-8.18755972944477	3	30.3751194588895
ENSG00000125124	38.8417867526516	-16.4208933763258	3	46.8417867526516
ENSG00000125651	45.5526593807327	-19.7763296903663	3	53.5526593807327
ENSG00000170322	41.7761854224909	-17.8880927112454	3	49.7761854224909
ENSG00000125652	54.5085405518364	-24.2542702759182	3	62.5085405518364
ENSG00000110031	33.6169955260771	-13.8084977630386	3	41.6169955260771
ENSG00000178662	5.63009314325516	0.184953428372422	3	13.6300931432552
ENSG00000134313	49.6304216879195	-21.8152108439597	3	57.6304216879195
ENSG00000144231	49.2119649124675	-21.6059824562337	3	57.2119649124675
ENSG00000182400	60.2666052591207	-27.1333026295603	3	68.2666052591207
ENSG00000124383	39.2258926754089	-16.6129463377045	3	47.2258926754089
ENSG00000272886	35.4679915307573	-14.7339957653786	3	43.4679915307573
ENSG00000049283	13.460232950198	-3.73011647509901	3	21.460232950198
ENSG00000117448	73.9130205878929	-33.9565102939464	3	81.9130205878929
ENSG00000103248	39.6214553959228	-16.8107276979614	3	47.6214553959228
ENSG00000103241	2.36492351182497	1.81753824408751	3	10.364923511825
ENSG00000064313	43.901863295564	-18.950931647782	3	51.901863295564
ENSG00000102195	-45.7252628859861	25.862631442993	3	-37.7252628859861
ENSG00000215018	55.8842389734907	-24.9421194867454	3	63.8842389734907
ENSG00000204590	41.9099123719126	-17.9549561859563	3	49.9099123719126
ENSG00000204843	51.1670821232465	-22.5835410616232	3	59.1670821232465
ENSG00000075790	64.2151794666142	-29.1075897333071	3	72.2151794666142
ENSG00000226979	0.268383908756794	2.8658080456216	3	8.26838390875679
ENSG00000103023	2.5464835202796	1.7267582398602	3	10.5464835202796
ENSG00000103021	15.0018474938687	-4.50092374693434	3	23.0018474938687
ENSG00000151233	36.4289375815298	-15.2144687907649	3	44.4289375815298
ENSG00000106305	43.8580909436682	-18.9290454718341	3	51.8580909436682
ENSG00000156017	49.2267917534752	-21.6133958767376	3	57.2267917534752
ENSG00000120868	34.0038485915048	-14.0019242957524	3	42.0038485915048
ENSG00000175664	29.0472322282773	-11.5236161141386	3	37.0472322282773
ENSG00000171320	23.3206307953882	-8.6603153976941	3	31.3206307953882
ENSG00000120860	63.032161865539	-28.5160809327695	3	71.032161865539
ENSG00000124523	78.9505561118603	-36.4752780559302	3	86.9505561118603
ENSG00000057468	15.0756415560656	-4.5378207780328	3	23.0756415560656
ENSG00000135378	38.9098670861776	-16.4549335430888	3	46.9098670861776
ENSG00000105974	94.7126643386276	-44.3563321693138	3	102.712664338628
ENSG00000135373	72.2159340033452	-33.1079670016726	3	80.2159340033452
ENSG00000135372	37.055386053151	-15.5276930265755	3	45.055386053151
ENSG00000179133	-6.34432372170248	6.17216186085124	3	1.65567627829752
ENSG00000147457	38.5965302502549	-16.2982651251274	3	46.5965302502549
ENSG00000102962	20.2698180363623	-7.13490901818117	3	28.2698180363623
ENSG00000123388	4.99026676820392	0.50486661589804	3	12.9902667682039
ENSG00000178982	84.338311063774	-39.169155531887	3	92.338311063774
ENSG00000145348	48.6868902596306	-21.3434451298153	3	56.6868902596306
ENSG00000183111	48.8247694951717	-21.4123847475858	3	56.8247694951717
ENSG00000049089	35.6248722104324	-14.8124361052162	3	43.6248722104324
ENSG00000084234	84.9749618759781	-39.487480937989	3	92.9749618759781
ENSG00000111077	60.0107305692305	-27.0053652846153	3	68.0107305692305
ENSG00000179051	30.9509881299569	-12.4754940649785	3	38.9509881299569
ENSG00000249915	65.3361031004465	-29.6680515502232	3	73.3361031004465
ENSG00000121988	22.2325025261793	-8.11625126308963	3	30.2325025261793
ENSG00000118492	54.8387096598083	-24.4193548299042	3	62.8387096598083
ENSG00000114646	18.0731875286345	-6.03659376431724	3	26.0731875286345
ENSG00000118496	52.7412592441438	-23.3706296220719	3	60.7412592441438
ENSG00000118495	32.5624747830684	-13.2812373915342	3	40.5624747830684
ENSG00000108830	25.9517061456097	-9.97585307280484	3	33.9517061456097
ENSG00000109220	73.8667402009785	-33.9333701004893	3	81.8667402009785
ENSG00000163586	26.8376706161255	-10.4188353080628	3	34.8376706161255
ENSG00000115514	53.4753888224307	-23.7376944112154	3	61.4753888224307
ENSG00000090104	48.6321029484443	-21.3160514742221	3	56.6321029484443
ENSG00000188848	-15.0614039136629	10.5307019568314	3	-7.06140391366289
ENSG00000047621	36.5875711787567	-15.2937855893784	3	44.5875711787567
ENSG00000070010	52.5915632678141	-23.295781633907	3	60.5915632678141
ENSG00000104983	48.9484558305183	-21.4742279152591	3	56.9484558305183
ENSG00000070540	47.1318434270635	-20.5659217135318	3	55.1318434270635
ENSG00000162981	36.8762764611694	-15.4381382305847	3	44.8762764611694
ENSG00000070019	55.3014304553181	-24.6507152276591	3	63.3014304553181
ENSG00000162989	33.3384264928338	-13.6692132464169	3	41.3384264928338
ENSG00000136319	38.1711683747262	-16.0855841873631	3	46.1711683747262
ENSG00000149418	35.208519513533	-14.6042597567665	3	43.208519513533
ENSG00000132341	71.3786888754254	-32.6893444377127	3	79.3786888754254
ENSG00000197024	21.191883990477	-7.59594199523851	3	29.191883990477
ENSG00000056487	-0.185737353161443	3.09286867658072	3	7.81426264683856
ENSG00000138068	-14.4417472076582	10.2208736038291	3	-6.44174720765818
ENSG00000138061	55.0976526779893	-24.5488263389946	3	63.0976526779893
ENSG00000004455	75.9001121505853	-34.9500560752927	3	83.9001121505853
ENSG00000133561	48.5430213170283	-21.2715106585142	3	56.5430213170283
ENSG00000162188	35.1682305363287	-14.5841152681643	3	43.1682305363287
ENSG00000005810	71.6399755468337	-32.8199877734168	3	79.6399755468337
ENSG00000166159	2.06768985457141	1.9661550727143	3	10.0676898545714
ENSG00000166405	45.5982204104049	-19.7991102052024	3	53.5982204104049
ENSG00000188807	18.8793894435279	-6.43969472176394	3	26.8793894435279
ENSG00000166401	40.2388370498872	-17.1194185249436	3	48.2388370498872
ENSG00000116898	62.985856154127	-28.4929280770635	3	70.985856154127
ENSG00000188803	-0.521115693628814	3.26055784681441	3	7.47888430637119
ENSG00000186409	19.3582092260078	-6.67910461300392	3	27.3582092260078
ENSG00000157303	19.9685673158417	-6.98428365792083	3	27.9685673158417
ENSG00000157657	25.4003687728596	-9.70018438642981	3	33.4003687728596
ENSG00000184661	9.96814309811607	-1.98407154905804	3	17.9681430981161
ENSG00000138286	43.4852738886238	-18.7426369443119	3	51.4852738886238
ENSG00000137266	25.0622035244182	-9.53110176220908	3	33.0622035244182
ENSG00000137265	34.0503724347626	-14.0251862173813	3	42.0503724347626
ENSG00000116095	57.3497705595996	-25.6748852797998	3	65.3497705595996
ENSG00000060069	30.7862095567822	-12.3931047783911	3	38.7862095567822
ENSG00000184939	75.5857414182754	-34.7928707091377	3	83.5857414182754
ENSG00000164808	55.8982885863948	-24.9491442931974	3	63.8982885863948
ENSG00000162236	45.5192385062583	-19.7596192531292	3	53.5192385062583
ENSG00000182795	15.1108272579149	-4.55541362895743	3	23.1108272579149
ENSG00000155659	68.7997077527872	-31.3998538763936	3	76.7997077527872
ENSG00000126264	61.0686934689624	-27.5343467344812	3	69.0686934689624
ENSG00000126267	113.308515337398	-53.6542576686988	3	121.308515337398
ENSG00000126262	27.5630713083665	-10.7815356541832	3	35.5630713083665
ENSG00000132965	50.1663790453964	-22.0831895226982	3	58.1663790453964
ENSG00000173093	-2.22329781680262	4.11164890840131	3	5.77670218319738
ENSG00000113916	68.9246473553826	-31.4623236776913	3	76.9246473553826
ENSG00000108309	2.18433463647271	1.90783268176364	3	10.1843346364727
ENSG00000158555	54.2143564252776	-24.1071782126388	3	62.2143564252776
ENSG00000158552	49.0442586950005	-21.5221293475002	3	57.0442586950005
ENSG00000196767	-13.1875272167237	9.59376360836186	3	-5.18752721672372
ENSG00000112208	53.2006805437216	-23.6003402718608	3	61.2006805437216
ENSG00000153822	-5.32598058709179	5.6629902935459	3	2.67401941290821
ENSG00000206527	68.9230852260183	-31.4615426130091	3	76.9230852260183
ENSG00000112200	64.4041631163168	-29.2020815581584	3	72.4041631163168
ENSG00000023516	53.3914875694658	-23.6957437847329	3	61.3914875694658
ENSG00000154832	31.0157220463417	-12.5078610231708	3	39.0157220463417
ENSG00000105695	22.0365938400993	-8.01829692004966	3	30.0365938400993
ENSG00000173890	37.2345900219368	-15.6172950109684	3	45.2345900219368
ENSG00000260027	38.7746222790273	-16.3873111395136	3	46.7746222790273
ENSG00000173894	9.76864544674082	-1.88432272337041	3	17.7686454467408
ENSG00000165175	58.2251694998046	-26.1125847499023	3	66.2251694998046
ENSG00000135960	0.48732420392259	2.7563378980387	3	8.48732420392259
ENSG00000165553	25.4164040430099	-9.70820202150495	3	33.4164040430099
ENSG00000158882	35.0819460009555	-14.5409730004778	3	43.0819460009555
ENSG00000101052	41.9550069364546	-17.9775034682273	3	49.9550069364546
ENSG00000174327	33.0886965220711	-13.5443482610356	3	41.0886965220711
ENSG00000174326	0.503997687722915	2.74800115613854	3	8.50399768772292
ENSG00000101057	19.5181723275139	-6.75908616375697	3	27.5181723275139
ENSG00000158887	35.3591554744934	-14.6795777372467	3	43.3591554744934
ENSG00000150556	16.8032545072727	-5.40162725363633	3	24.8032545072727
ENSG00000175329	-17.5444642928251	11.7722321464126	3	-9.54446429282513
ENSG00000100906	65.5958498952472	-29.7979249476236	3	73.5958498952472
ENSG00000100902	72.8308579498302	-33.4154289749151	3	80.8308579498302
ENSG00000150551	27.3389446965201	-10.66947234826	3	35.3389446965201
ENSG00000197093	28.9768871599713	-11.4884435799856	3	36.9768871599713
ENSG00000159063	45.4821617013564	-19.7410808506782	3	53.4821617013564
ENSG00000175324	66.0335968804193	-30.0167984402096	3	74.0335968804193
ENSG00000175325	11.9836727652486	-2.9918363826243	3	19.9836727652486
ENSG00000104267	60.7752014312587	-27.3876007156293	3	68.7752014312587
ENSG00000139083	37.0378504012102	-15.5189252006051	3	45.0378504012102
ENSG00000141101	34.9155512941844	-14.4577756470922	3	42.9155512941844
ENSG00000130066	96.5397576759055	-45.2698788379527	3	104.539757675905
ENSG00000188032	-4.4292707658141	5.21463538290705	3	3.5707292341859
ENSG00000185222	75.1765076051853	-34.5882538025926	3	83.1765076051853
ENSG00000185670	20.8148355289682	-7.4074177644841	3	28.8148355289682
ENSG00000145912	66.2265295469779	-30.1132647734889	3	74.2265295469779
ENSG00000110934	25.7729586475189	-9.88647932375945	3	33.7729586475189
ENSG00000198042	51.6026066694196	-22.8013033347098	3	59.6026066694196
ENSG00000124731	18.953489336092	-6.476744668046	3	26.953489336092
ENSG00000187783	15.1674042975586	-4.58370214877931	3	23.1674042975586
ENSG00000124733	74.7211182475916	-34.3605591237958	3	82.7211182475916
ENSG00000171135	57.6624488980706	-25.8312244490353	3	65.6624488980706
ENSG00000138246	45.2906773976515	-19.6453386988258	3	53.2906773976515
ENSG00000256269	48.9250390700778	-21.4625195350389	3	56.9250390700778
ENSG00000182898	-17.158066822978	11.579033411489	3	-9.158066822978
ENSG00000161270	12.1807845935897	-3.09039229679485	3	20.1807845935897
ENSG00000198046	32.4999573750104	-13.2499786875052	3	40.4999573750104
ENSG00000008438	5.08751593520887	0.456242032395567	3	13.0875159352089
ENSG00000149573	52.4581990615594	-23.2290995307797	3	60.4581990615594
ENSG00000085871	84.0554546661443	-39.0277273330721	3	92.0554546661443
ENSG00000230989	112.83452821378	-53.4172641068901	3	120.83452821378
ENSG00000171161	34.8620973548144	-14.4310486774072	3	42.8620973548144
ENSG00000007908	20.783251845931	-7.39162592296551	3	28.783251845931
ENSG00000129347	26.4931026149599	-10.24655130748	3	34.4931026149599
ENSG00000081177	32.3498599823768	-13.1749299911884	3	40.3498599823768
ENSG00000182362	56.8375512168083	-25.4187756084042	3	64.8375512168083
ENSG00000183844	-0.214766121540439	3.10738306077022	3	7.78523387845956
ENSG00000169180	52.0036586847679	-23.001829342384	3	60.0036586847679
ENSG00000253729	47.215234579959	-20.6076172899795	3	55.215234579959
ENSG00000183840	-8.15109163934498	7.07554581967249	3	-0.151091639344978
ENSG00000143167	-19.1679296462903	12.5839648231451	3	-11.1679296462903
ENSG00000134817	54.4837039644926	-24.2418519822463	3	62.4837039644926
ENSG00000143164	60.2915064326823	-27.1457532163412	3	68.2915064326823
ENSG00000143162	76.2915873119477	-35.1457936559739	3	84.2915873119477
ENSG00000134812	27.8047408435244	-10.9023704217622	3	35.8047408435244
ENSG00000128245	70.4229522678013	-32.2114761339007	3	78.4229522678013
ENSG00000103769	64.222355605498	-29.111177802749	3	72.222355605498
ENSG00000131732	43.752825654193	-18.8764128270965	3	51.752825654193
ENSG00000176410	41.3413472339059	-17.6706736169529	3	49.3413472339059
ENSG00000118557	22.2456930003617	-8.12284650018087	3	30.2456930003617
ENSG00000167371	18.3748503053316	-6.18742515266581	3	26.3748503053316
ENSG00000132424	56.1211742089395	-25.0605871044697	3	64.1211742089395
ENSG00000204472	69.5312932441442	-31.7656466220721	3	77.5312932441442
ENSG00000204475	13.8236263566777	-3.91181317833884	3	21.8236263566777
ENSG00000163002	44.52188958328	-19.26094479164	3	52.52188958328
ENSG00000163001	52.5459708334568	-23.2729854167284	3	60.5459708334568
ENSG00000134107	47.4635393700744	-20.7317696850372	3	55.4635393700744
ENSG00000189320	27.3623962033071	-10.6811981016536	3	35.3623962033071
ENSG00000134109	50.0289806084195	-22.0144903042097	3	58.0289806084195
ENSG00000167112	38.4063175111039	-16.203158755552	3	46.4063175111039
ENSG00000166896	69.3204882391491	-31.6602441195746	3	77.3204882391491
ENSG00000185818	48.8896544143316	-21.4448272071658	3	56.8896544143316
ENSG00000123178	48.6683157350193	-21.3341578675096	3	56.6683157350193
ENSG00000124237	30.9953010062666	-12.4976505031333	3	38.9953010062666
ENSG00000162755	29.7271033401147	-11.8635516700574	3	37.7271033401147
ENSG00000186665	88.6511877594625	-41.3255938797313	3	96.6511877594625
ENSG00000162757	37.4020892736321	-15.7010446368161	3	45.4020892736321
ENSG00000172179	3.29381549514946	1.35309225242527	3	11.2938154951495
ENSG00000123171	-18.2181313712788	12.1090656856394	3	-10.2181313712788
ENSG00000146399	22.8331388191851	-8.41656940959253	3	30.8331388191851
ENSG00000078401	41.6910461012662	-17.8455230506331	3	49.6910461012662
ENSG00000078403	46.9121336029057	-20.4560668014529	3	54.9121336029057
ENSG00000111321	47.7168856457952	-20.8584428228976	3	55.7168856457952
ENSG00000168589	69.3326054626114	-31.6663027313057	3	77.3326054626114
ENSG00000153774	58.1025094887106	-26.0512547443553	3	66.1025094887106
ENSG00000142669	64.3495601971115	-29.1747800985557	3	72.3495601971115
ENSG00000179010	108.201615651088	-51.1008078255442	3	116.201615651088
ENSG00000163913	40.57032608255	-17.285163041275	3	48.57032608255
ENSG00000163914	-18.2401377917838	12.1200688958919	3	-10.2401377917838
ENSG00000168275	77.6322072167883	-35.8161036083941	3	85.6322072167883
ENSG00000163918	39.9188303009039	-16.959415150452	3	47.9188303009039
ENSG00000043514	32.1847271828076	-13.0923635914038	3	40.1847271828076
ENSG00000105507	-4.99156889427695	5.49578444713847	3	3.00843110572305
ENSG00000095564	37.3703737764446	-15.6851868882223	3	45.3703737764446
ENSG00000132286	67.8614046815986	-30.9307023407993	3	75.8614046815986
ENSG00000149084	77.9040177373483	-35.9520088686742	3	85.9040177373483
ENSG00000149089	66.2488005947567	-30.1244002973783	3	74.2488005947567
ENSG00000145283	50.0374091860461	-22.018704593023	3	58.0374091860461
ENSG00000283597	29.4698020756062	-11.7349010378031	3	37.4698020756062
ENSG00000141448	15.5095995585838	-4.7547997792919	3	23.5095995585838
ENSG00000145287	78.2739691092273	-36.1369845546136	3	86.2739691092273
ENSG00000141446	50.5240239908607	-22.2620119954304	3	58.5240239908607
ENSG00000119608	-0.295072305568421	3.14753615278421	3	7.70492769443158
ENSG00000071553	63.4391299705842	-28.7195649852921	3	71.4391299705842
ENSG00000141441	33.6380465924055	-13.8190232962027	3	41.6380465924055
ENSG00000187676	48.8063941259737	-21.4031970629868	3	56.8063941259737
ENSG00000133773	53.1536149195755	-23.5768074597878	3	61.1536149195755
ENSG00000249581	7.1672604162218	-0.583630208110901	3	15.1672604162218
ENSG00000136504	51.021424013834	-22.510712006917	3	59.021424013834
ENSG00000146535	43.5793093792002	-18.7896546896001	3	51.5793093792002
ENSG00000052841	56.7051471815046	-25.3525735907523	3	64.7051471815046
ENSG00000136051	62.5662755448049	-28.2831377724025	3	70.5662755448049
ENSG00000146530	8.69174033343725	-1.34587016671863	3	16.6917403334373
ENSG00000008513	46.2491708180934	-20.1245854090467	3	54.2491708180934
ENSG00000165762	-24.0541220338483	15.0270610169241	3	-16.0541220338483
ENSG00000030110	44.0271548577884	-19.0135774288942	3	52.0271548577884
ENSG00000167941	41.6295379026066	-17.8147689513033	3	49.6295379026066
ENSG00000141622	7.2349949417045	-0.617497470852248	3	15.2349949417045
ENSG00000141627	51.5951432419202	-22.7975716209601	3	59.5951432419202
ENSG00000095380	79.5536345571326	-36.7768172785663	3	87.5536345571326
ENSG00000179933	61.9895642413615	-27.9947821206808	3	69.9895642413615
ENSG00000172771	116.684181769098	-55.342090884549	3	124.684181769098
ENSG00000179934	-2.11515720353282	4.05757860176641	3	5.88484279646718
ENSG00000172775	61.0780503425815	-27.5390251712908	3	69.0780503425815
ENSG00000127418	63.0920507687706	-28.5460253843853	3	71.0920507687706
ENSG00000166090	1.12785468216492	2.43607265891754	3	9.12785468216492
ENSG00000166091	16.0830573111266	-5.0415286555633	3	24.0830573111266
ENSG00000173421	30.3773492351323	-12.1886746175661	3	38.3773492351323
ENSG00000173137	29.2856599772979	-11.6428299886489	3	37.2856599772979
ENSG00000122335	28.4112817475442	-11.2056408737721	3	36.4112817475442
ENSG00000254585	-11.4823652362112	8.74118261810558	3	-3.48236523621116
ENSG00000165813	56.3433266644	-25.1716633322	3	64.3433266644
ENSG00000165810	72.5482385638686	-33.2741192819343	3	80.5482385638686
ENSG00000101199	37.9411211235656	-15.9705605617828	3	45.9411211235656
ENSG00000125818	44.1223800389183	-19.0611900194591	3	52.1223800389183
ENSG00000101190	35.8020538698714	-14.9010269349357	3	43.8020538698714
ENSG00000101191	43.9859725335537	-18.9929862667769	3	51.9859725335537
ENSG00000101194	22.096587017624	-8.04829350881201	3	30.096587017624
ENSG00000125815	-16.940263262608	11.470131631304	3	-8.94026326260803
ENSG00000101197	12.3019331469314	-3.15096657346571	3	20.3019331469314
ENSG00000264364	89.9031031536103	-41.9515515768051	3	97.9031031536103
ENSG00000128886	20.3110920066291	-7.15554600331455	3	28.3110920066291
ENSG00000070759	23.369185897817	-8.68459294890849	3	31.369185897817
ENSG00000077984	45.2426426476992	-19.6213213238496	3	53.2426426476992
ENSG00000119865	64.1519922356023	-29.0759961178012	3	72.1519922356023
ENSG00000006625	49.8557310739778	-21.9278655369889	3	57.8557310739778
ENSG00000119862	47.1573857682653	-20.5786928841326	3	55.1573857682653
ENSG00000183773	10.0466247415264	-2.0233123707632	3	18.0466247415264
ENSG00000004848	-0.480202648697784	3.24010132434889	3	7.51979735130222
ENSG00000133958	6.87001543848684	-0.435007719243419	3	14.8700154384868
ENSG00000101997	27.6793681742901	-10.8396840871451	3	35.6793681742901
ENSG00000137674	27.8690164311899	-10.9345082155949	3	35.8690164311899
ENSG00000137675	51.6681676934449	-22.8340838467224	3	59.6681676934449
ENSG00000183778	5.70387520986084	0.148062395069581	3	13.7038752098608
ENSG00000213626	72.4416853826175	-33.2208426913087	3	80.4416853826175
ENSG00000137673	12.4258552453034	-3.21292762265169	3	20.4258552453034
ENSG00000198839	62.3750338141851	-28.1875169070925	3	70.3750338141851
ENSG00000100029	49.3972017321185	-21.6986008660593	3	57.3972017321185
ENSG00000100028	71.1031318831504	-32.5515659415752	3	79.1031318831504
ENSG00000164494	47.6290276613211	-20.8145138306606	3	55.6290276613211
ENSG00000100023	48.0839653535896	-21.0419826767948	3	56.0839653535896
ENSG00000198833	57.3757440571459	-25.6878720285729	3	65.3757440571459
ENSG00000183726	71.6956551589587	-32.8478275794794	3	79.6956551589587
ENSG00000100027	54.8272814835518	-24.4136407417759	3	62.8272814835518
ENSG00000159210	58.60990024213	-26.304950121065	3	66.60990024213
ENSG00000100024	33.8949031831866	-13.9474515915933	3	41.8949031831866
ENSG00000001167	37.5565959329553	-15.7782979664777	3	45.5565959329553
ENSG00000157514	71.0081454874017	-32.5040727437009	3	79.0081454874017
ENSG00000157510	52.9489782797808	-23.4744891398904	3	60.9489782797808
ENSG00000006194	35.9186835100069	-14.9593417550034	3	43.9186835100069
ENSG00000019485	9.29105442798224	-1.64552721399112	3	17.2910544279822
ENSG00000213190	51.2240362130335	-22.6120181065167	3	59.2240362130335
ENSG00000181222	45.2050994616161	-19.602549730808	3	53.2050994616161
ENSG00000198954	51.6138710050728	-22.8069355025364	3	59.6138710050728
ENSG00000164144	49.528100545091	-21.7640502725455	3	57.528100545091
ENSG00000198951	50.6075503483642	-22.3037751741821	3	58.6075503483642
ENSG00000168874	49.1340528847968	-21.5670264423984	3	57.1340528847968
ENSG00000175868	-14.3645943007149	10.1822971503575	3	-6.36459430071493
ENSG00000120662	35.3765735604449	-14.6882867802225	3	43.3765735604449
ENSG00000197461	49.4668909514478	-21.7334454757239	3	57.4668909514478
ENSG00000197467	9.35531538841778	-1.67765769420889	3	17.3553153884178
ENSG00000175866	36.5864278267169	-15.2932139133584	3	44.5864278267169
ENSG00000168878	22.3734036511477	-8.18670182557387	3	30.3734036511477
ENSG00000161513	26.9643271435211	-10.4821635717606	3	34.9643271435211
ENSG00000161040	28.9226964199173	-11.4613482099586	3	36.9226964199173
ENSG00000256453	21.3546684600269	-7.67733423001347	3	29.3546684600269
ENSG00000117602	40.0673544599919	-17.033677229996	3	48.0673544599919
ENSG00000117601	80.8562964264518	-37.4281482132259	3	88.8562964264518
ENSG00000126107	35.9795303500807	-14.9897651750404	3	43.9795303500807
ENSG00000161048	38.3388829590715	-16.1694414795357	3	46.3388829590715
ENSG00000143375	32.2758943766512	-13.1379471883256	3	40.2758943766512
ENSG00000160392	31.0495614359853	-12.5247807179927	3	39.0495614359853
ENSG00000160396	-1.20830558245349	3.60415279122674	3	6.79169441754651
ENSG00000110057	39.9584565759396	-16.9792282879698	3	47.9584565759396
ENSG00000125107	48.3029651327129	-21.1514825663564	3	56.3029651327129
ENSG00000198488	0.473089902800544	2.76345504859973	3	8.47308990280055
ENSG00000143570	61.370115509799	-27.6850577548995	3	69.370115509799
ENSG00000134371	44.4458779978362	-19.2229389989181	3	52.4458779978362
ENSG00000198483	32.8987265484996	-13.4493632742498	3	40.8987265484996
ENSG00000134375	69.2849923813586	-31.6424961906793	3	77.2849923813586
ENSG00000139146	42.0423200771229	-18.0211600385614	3	50.0423200771229
ENSG00000103227	45.697610685413	-19.8488053427065	3	53.697610685413
ENSG00000102174	7.96234591926579	-0.981172959632896	3	15.9623459192658
ENSG00000096401	50.3935342760139	-22.1967671380069	3	58.3935342760139
ENSG00000177570	14.3506295676119	-4.17531478380593	3	22.3506295676119
ENSG00000102178	62.9163597884807	-28.4581798942404	3	70.9163597884807
ENSG00000123415	48.7209521471365	-21.3604760735683	3	56.7209521471365
ENSG00000103591	45.4762628354459	-19.7381314177229	3	53.4762628354459
ENSG00000140379	38.2704308158928	-16.1352154079464	3	46.2704308158928
ENSG00000103599	10.9611595124972	-2.48057975624861	3	18.9611595124972
ENSG00000177425	61.2731992649732	-27.6365996324866	3	69.2731992649732
ENSG00000102312	25.4878032006817	-9.74390160034087	3	33.4878032006818
ENSG00000177427	23.8778811813054	-8.93894059065272	3	31.8778811813054
ENSG00000102317	87.2452251206943	-40.6226125603471	3	95.2452251206943
ENSG00000156076	15.6074683226263	-4.80373416131313	3	23.6074683226263
ENSG00000134594	15.964173301963	-4.9820866509815	3	23.964173301963
ENSG00000198225	98.2716285691212	-46.1358142845606	3	106.271628569121
ENSG00000143390	40.8039576967136	-17.4019788483568	3	48.8039576967136
ENSG00000143393	40.6660537756517	-17.3330268878258	3	48.6660537756517
