genename	AIC	lnL	k	AICC
ENSG00000167693	43.9232472516758	-18.9616236258379	3	51.9232472516758
ENSG00000064703	39.1433261300709	-16.5716630650355	3	47.1433261300709
ENSG00000230873	5.27823789046065	0.360881054769677	3	13.2782378904606
ENSG00000110514	39.0207674947959	-16.510383747398	3	47.0207674947959
ENSG00000174776	6.83968699854177	-0.419843499270886	3	14.8396869985418
ENSG00000168032	20.9830892088092	-7.49154460440459	3	28.9830892088092
ENSG00000167741	-1.14867136390724	3.57433568195362	3	6.85132863609276
ENSG00000167740	44.1125379294134	-19.0562689647067	3	52.1125379294134
ENSG00000168038	30.532284715441	-12.2661423577205	3	38.532284715441
ENSG00000167749	13.0536587421268	-3.52682937106342	3	21.0536587421268
ENSG00000112149	53.5418825055109	-23.7709412527555	3	61.5418825055109
ENSG00000084676	43.2345474464652	-18.6172737232326	3	51.2345474464652
ENSG00000087495	9.09281587399002	-1.54640793699501	3	17.09281587399
ENSG00000169740	51.0571059771716	-22.5285529885858	3	59.0571059771716
ENSG00000261609	35.5608949275778	-14.7804474637889	3	43.5608949275778
ENSG00000197150	31.38888476909	-12.694442384545	3	39.38888476909
ENSG00000168297	43.6485690200885	-18.8242845100443	3	51.6485690200885
ENSG00000120907	38.2329036611705	-16.1164518305853	3	46.2329036611705
ENSG00000105879	46.3780362387428	-20.1890181193714	3	54.3780362387428
ENSG00000105875	24.4930186338156	-9.24650931690779	3	32.4930186338156
ENSG00000057294	33.1270810282769	-13.5635405141384	3	41.1270810282769
ENSG00000146083	34.0591280635427	-14.0295640317713	3	42.0591280635427
ENSG00000136250	33.0495646162316	-13.5247823081158	3	41.0495646162316
ENSG00000149792	64.5276896463009	-29.2638448231505	3	72.5276896463009
ENSG00000149021	49.4024396321787	-21.7012198160893	3	57.4024396321787
ENSG00000146085	60.415547528442	-27.207773764221	3	68.4155475284419
ENSG00000132591	33.7036855371928	-13.8518427685964	3	41.7036855371928
ENSG00000102471	62.5914992478555	-28.2957496239278	3	70.5914992478555
ENSG00000165997	47.4777299315292	-20.7388649657646	3	55.4777299315292
ENSG00000177707	40.1847553068464	-17.0923776534232	3	48.1847553068464
ENSG00000180644	25.7719012755944	-9.88595063779719	3	33.7719012755944
ENSG00000203872	32.0620691459822	-13.0310345729911	3	40.0620691459822
ENSG00000147689	18.0823051654631	-6.04115258273157	3	26.0823051654631
ENSG00000147687	51.4929624648061	-22.746481232403	3	59.4929624648061
ENSG00000147684	90.7024345207536	-42.3512172603768	3	98.7024345207536
ENSG00000188342	55.1241039175358	-24.5620519587679	3	63.1241039175358
ENSG00000188343	68.2347953342697	-31.1173976671349	3	76.2347953342697
ENSG00000114529	16.0008548108229	-5.00042740541146	3	24.0008548108229
ENSG00000142676	111.281946157916	-52.6409730789578	3	119.281946157916
ENSG00000135617	51.118370027408	-22.559185013704	3	59.118370027408
ENSG00000166839	23.8960117110726	-8.94800585553632	3	31.8960117110726
ENSG00000145198	11.4401464274294	-2.72007321371472	3	19.4401464274294
ENSG00000145191	46.4641480056345	-20.2320740028173	3	54.4641480056345
ENSG00000156973	52.9884364765239	-23.494218238262	3	60.9884364765239
ENSG00000184708	28.0766753026008	-11.0383376513004	3	36.0766753026008
ENSG00000169814	49.8422945230186	-21.9211472615093	3	57.8422945230186
ENSG00000163463	73.827272865646	-33.913636432823	3	81.827272865646
ENSG00000214113	66.5101854932823	-30.2550927466411	3	74.5101854932823
ENSG00000163466	75.9657094978799	-34.98285474894	3	83.9657094978799
ENSG00000240021	24.5860969630487	-9.29304848152433	3	32.5860969630487
ENSG00000163468	56.01537822872	-25.00768911436	3	64.01537822872
ENSG00000105290	36.7262296340701	-15.3631148170351	3	44.7262296340701
ENSG00000179222	52.7235548224975	-23.3617774112487	3	60.7235548224975
ENSG00000109738	49.3374693006707	-21.6687346503354	3	57.3374693006707
ENSG00000058600	37.6774286232972	-15.8387143116486	3	45.6774286232972
ENSG00000029364	34.353955732336	-14.176977866168	3	42.353955732336
ENSG00000172289	-15.9432994711416	10.9716497355708	3	-7.94329947114161
ENSG00000029363	62.969156634555	-28.4845783172775	3	70.969156634555
ENSG00000162594	13.8551889907217	-3.92759449536084	3	21.8551889907217
ENSG00000118640	89.8534069264879	-41.926703463244	3	97.8534069264879
ENSG00000168488	45.4793492945477	-19.7396746472738	3	53.4793492945477
ENSG00000090776	42.5226055441415	-18.2613027720708	3	50.5226055441415
ENSG00000155463	43.7662742878194	-18.8831371439097	3	51.7662742878194
ENSG00000253148	-6.05314904483689	6.02657452241844	3	1.94685095516311
ENSG00000213853	51.5075700303329	-22.7537850151665	3	59.5075700303329
ENSG00000213585	80.7591969098329	-37.3795984549165	3	88.7591969098329
ENSG00000138346	39.5131381357296	-16.7565690678648	3	47.5131381357296
ENSG00000105122	19.2378325395737	-6.61891626978686	3	27.2378325395737
ENSG00000105127	38.1158820027398	-16.0579410013699	3	46.1158820027398
ENSG00000070269	41.6668194941052	-17.8334097470526	3	49.6668194941052
ENSG00000186566	37.2894505766755	-15.6447252883377	3	45.2894505766755
ENSG00000146223	54.2298252172333	-24.1149126086167	3	62.2298252172333
ENSG00000146221	0.73154045887622	2.63422977056189	3	8.73154045887622
ENSG00000060709	14.6174021854039	-4.30870109270195	3	22.6174021854039
ENSG00000133318	71.0581356373872	-32.5290678186936	3	79.0581356373872
ENSG00000133317	71.8347845507184	-32.9173922753592	3	79.8347845507184
ENSG00000055070	66.9864017506643	-30.4932008753321	3	74.9864017506643
ENSG00000141026	92.2293805692542	-43.1146902846271	3	100.229380569254
ENSG00000137343	44.4424330725347	-19.2212165362673	3	52.4424330725347
ENSG00000155719	-6.4069501058481	6.20347505292405	3	1.5930498941519
ENSG00000198894	54.1543144834583	-24.0771572417291	3	62.1543144834583
ENSG00000066422	28.1830738813634	-11.0915369406817	3	36.1830738813634
ENSG00000155714	16.9786488491912	-5.48932442459562	3	24.9786488491912
ENSG00000182010	13.0682810400235	-3.53414052001175	3	21.0682810400235
ENSG00000130962	35.4373629679089	-14.7186814839544	3	43.4373629679089
ENSG00000108064	47.8943511310745	-20.9471755655373	3	55.8943511310745
ENSG00000108061	54.808072911059	-24.4040364555295	3	62.808072911059
ENSG00000102125	30.7250388210482	-12.3625194105241	3	38.7250388210482
ENSG00000204178	50.0557484819346	-22.0278742409673	3	58.0557484819346
ENSG00000067082	69.3645502863701	-31.682275143185	3	77.3645502863701
ENSG00000121621	24.4504272062623	-9.22521360313116	3	32.4504272062623
ENSG00000181938	34.2507106052852	-14.1253553026426	3	42.2507106052852
ENSG00000174429	38.8561051793083	-16.4280525896542	3	46.8561051793083
ENSG00000132388	68.5885887637588	-31.2942943818794	3	76.5885887637588
ENSG00000181284	18.2759294255508	-6.13796471277542	3	26.2759294255508
ENSG00000164654	48.1104247139716	-21.0552123569858	3	56.1104247139716
ENSG00000161021	30.0636276127107	-12.0318138063554	3	38.0636276127107
ENSG00000269404	44.3278232314067	-19.1639116157033	3	52.3278232314067
ENSG00000072736	46.0381932405562	-20.0190966202781	3	54.0381932405562
ENSG00000261603	22.0533462376049	-8.02667311880244	3	30.0533462376049
ENSG00000116574	51.00712650798	-22.50356325399	3	59.00712650798
ENSG00000130349	40.3439733353618	-17.1719866676809	3	48.3439733353618
ENSG00000130340	63.9534118245991	-28.9767059122995	3	71.9534118245991
ENSG00000180881	38.4071741776201	-16.20358708881	3	46.4071741776201
ENSG00000130347	22.2043577318491	-8.10217886592454	3	30.2043577318491
ENSG00000099949	51.2866614352739	-22.643330717637	3	59.2866614352739
ENSG00000165309	14.3864874853563	-4.19324374267815	3	22.3864874853563
ENSG00000107562	110.199885753729	-52.0999428768644	3	118.199885753729
ENSG00000151012	21.9849930451849	-7.99249652259246	3	29.9849930451849
ENSG00000107560	44.867516855623	-19.4337584278115	3	52.867516855623
ENSG00000151014	30.1272599985424	-12.0636299992712	3	38.1272599985424
ENSG00000099940	44.992508921484	-19.496254460742	3	52.992508921484
ENSG00000099942	38.1449395856441	-16.072469792822	3	46.1449395856441
ENSG00000145850	56.3209495861988	-25.1604747930994	3	64.3209495861988
ENSG00000129451	-5.14107292722133	5.57053646361066	3	2.85892707277867
ENSG00000154007	-33.140880911933	19.5704404559665	3	-25.140880911933
ENSG00000174132	85.3698311790645	-39.6849155895322	3	93.3698311790645
ENSG00000198793	30.5647753135841	-12.2823876567921	3	38.5647753135841
ENSG00000198794	29.0845499742398	-11.5422749871199	3	37.0845499742398
ENSG00000198796	-3.52329115663205	4.76164557831602	3	4.47670884336795
ENSG00000197776	35.6696064775528	-14.8348032387764	3	43.6696064775528
ENSG00000150722	3.82797677668261	1.08601161165869	3	11.8279767766826
ENSG00000197956	120.368322105882	-57.1841610529409	3	128.368322105882
ENSG00000161682	13.5009651111991	-3.75048255559953	3	21.5009651111991
ENSG00000153714	47.1534783141594	-20.5767391570797	3	55.1534783141594
ENSG00000113430	19.9732789870766	-6.98663949353829	3	27.9732789870766
ENSG00000140319	79.517710353301	-36.7588551766505	3	87.517710353301
ENSG00000169245	61.1379671758932	-27.5689835879466	3	69.1379671758932
ENSG00000169242	53.4849563265197	-23.7424781632599	3	61.4849563265197
ENSG00000169241	59.7006256164908	-26.8503128082454	3	67.7006256164908
ENSG00000089048	37.5237482566686	-15.7618741283343	3	45.5237482566686
ENSG00000183864	47.7032338986613	-20.8516169493307	3	55.7032338986613
ENSG00000089041	46.2896883266307	-20.1448441633154	3	54.2896883266307
ENSG00000111348	69.3499278770664	-31.6749639385332	3	77.3499278770664
ENSG00000124214	56.0670870254405	-25.0335435127202	3	64.0670870254405
ENSG00000205978	27.9724670452996	-10.9862335226498	3	35.9724670452996
ENSG00000124212	53.9326901827691	-23.9663450913845	3	61.9326901827691
ENSG00000013364	52.5427122520833	-23.2713561260416	3	60.5427122520833
ENSG00000000005	56.0596829148718	-25.0298414574359	3	64.0596829148718
ENSG00000135447	76.7101611196838	-35.3550805598419	3	84.7101611196838
ENSG00000161973	22.1254330798694	-8.0627165399347	3	30.1254330798694
ENSG00000135441	78.711187141737	-36.3555935708685	3	86.711187141737
ENSG00000117222	42.3860522025921	-18.193026101296	3	50.3860522025921
ENSG00000185133	-16.5019038820258	11.2509519410129	3	-8.50190388202575
ENSG00000108961	52.1409219277078	-23.0704609638539	3	60.1409219277078
ENSG00000152380	44.9485606299932	-19.4742803149966	3	52.9485606299932
ENSG00000169020	132.161321333159	-63.0806606665794	3	140.161321333159
ENSG00000169021	75.5355567561034	-34.7677783780517	3	83.5355567561034
ENSG00000160087	51.0436768410182	-22.5218384205091	3	59.0436768410182
ENSG00000036054	48.6056341453765	-21.3028170726883	3	56.6056341453765
ENSG00000102119	53.7582619011583	-23.8791309505791	3	61.7582619011583
ENSG00000105467	-7.69256933180168	6.84628466590084	3	0.307430668198318
ENSG00000048649	49.3905365575787	-21.6952682787894	3	57.3905365575787
ENSG00000118418	87.9693082188944	-40.9846541094472	3	95.9693082188944
ENSG00000139053	29.7548065124653	-11.8774032562326	3	37.7548065124653
ENSG00000118412	26.960029480154	-10.480014740077	3	34.960029480154
ENSG00000110169	30.9796307333039	-12.4898153666519	3	38.9796307333039
ENSG00000102802	100.121850477248	-47.0609252386241	3	108.121850477248
ENSG00000177951	75.5711241914423	-34.7855620957212	3	83.5711241914423
ENSG00000143669	48.1667669895772	-21.0833834947886	3	56.1667669895772
ENSG00000144810	53.0903200253424	-23.5451600126712	3	61.0903200253424
ENSG00000198246	16.9827270507409	-5.49136352537047	3	24.9827270507409
ENSG00000143845	27.5358087707478	-10.7679043853739	3	35.5358087707478
ENSG00000144815	33.5763062749464	-13.7881531374732	3	41.5763062749464
ENSG00000092140	42.2913212505698	-18.1456606252849	3	50.2913212505698
ENSG00000135916	65.1406263642116	-29.5703131821058	3	73.1406263642116
ENSG00000135914	25.4451705336436	-9.72258526682178	3	33.4451705336436
ENSG00000135912	28.3453091535103	-11.1726545767551	3	36.3453091535103
ENSG00000106723	43.8334576122863	-18.9167288061431	3	51.8334576122863
ENSG00000092148	59.0435814437834	-26.5217907218917	3	67.0435814437834
ENSG00000034693	57.5421588146333	-25.7710794073166	3	65.5421588146333
ENSG00000166337	62.235020751724	-28.117510375862	3	70.235020751724
ENSG00000181264	20.9575002002718	-7.47875010013591	3	28.9575002002718
ENSG00000135919	59.0675881457792	-26.5337940728896	3	67.0675881457792
ENSG00000176390	64.0263471855605	-29.0131735927803	3	72.0263471855605
ENSG00000176399	21.2555048126918	-7.62775240634591	3	29.2555048126918
ENSG00000064933	39.8032198114516	-16.9016099057258	3	47.8032198114516
ENSG00000215183	47.5449088330618	-20.7724544165309	3	55.5449088330618
ENSG00000136935	46.1786641798278	-20.0893320899139	3	54.1786641798278
ENSG00000136936	66.5272714973774	-30.2636357486887	3	74.5272714973774
ENSG00000136937	72.1353100565511	-33.0676550282755	3	80.1353100565511
ENSG00000136930	67.0267133133834	-30.5133566566917	3	75.0267133133834
ENSG00000083635	32.1512500811055	-13.0756250405528	3	40.1512500811055
ENSG00000136932	35.8561265781112	-14.9280632890556	3	43.8561265781112
ENSG00000132692	-8.13531801434377	7.06765900717189	3	-0.13531801434377
ENSG00000181704	47.589869610509	-20.7949348052545	3	55.589869610509
ENSG00000184557	84.2756530650572	-39.1378265325286	3	92.2756530650572
ENSG00000132698	57.5782840765833	-25.7891420382916	3	65.5782840765833
ENSG00000106399	73.3866446590495	-33.6933223295247	3	81.3866446590495
ENSG00000163673	29.3951897122056	-11.6975948561028	3	37.3951897122056
ENSG00000134070	45.147801625532	-19.573900812766	3	53.147801625532
ENSG00000167536	58.913526986703	-26.4567634933515	3	66.913526986703
ENSG00000168374	87.3390526973586	-40.6695263486793	3	95.3390526973586
ENSG00000147874	34.7530915108309	-14.3765457554155	3	42.7530915108309
ENSG00000241058	35.4547250683485	-14.7273625341742	3	43.4547250683485
ENSG00000105612	38.8365159254095	-16.4182579627047	3	46.8365159254095
ENSG00000116983	13.3530961982283	-3.67654809911414	3	21.3530961982283
ENSG00000108651	52.5544935747846	-23.2772467873923	3	60.5544935747846
ENSG00000186952	16.5277896051185	-5.26389480255927	3	24.5277896051185
ENSG00000115268	108.684211976297	-51.3421059881487	3	116.684211976297
ENSG00000204767	-2.40902312457985	4.20451156228993	3	5.59097687542015
ENSG00000115263	28.0477326129329	-11.0238663064664	3	36.0477326129329
ENSG00000105619	41.1826961748918	-17.5913480874459	3	49.1826961748918
ENSG00000074621	12.4883821424152	-3.2441910712076	3	20.4883821424152
ENSG00000153207	47.4285479484769	-20.7142739742385	3	55.4285479484769
ENSG00000105618	43.1969393202574	-18.5984696601287	3	51.1969393202574
ENSG00000124104	47.7653713231093	-20.8826856615547	3	55.7653713231093
ENSG00000147570	3.92565468700357	1.03717265649821	3	11.9256546870036
ENSG00000108384	46.5758200216772	-20.2879100108386	3	54.5758200216772
ENSG00000100604	10.5415484864607	-2.27077424323035	3	18.5415484864607
ENSG00000166343	28.222958093873	-11.1114790469365	3	36.222958093873
ENSG00000153233	24.3221443118625	-9.16107215593127	3	32.3221443118625
ENSG00000151838	-12.7815693523235	9.39078467616174	3	-4.78156935232349
ENSG00000165689	53.6346400050904	-23.8173200025452	3	61.6346400050904
ENSG00000108474	41.3687838045023	-17.6843919022512	3	49.3687838045023
ENSG00000165682	20.771569285868	-7.38578464293402	3	28.771569285868
ENSG00000108479	38.4821948566813	-16.2410974283407	3	46.4821948566813
ENSG00000165685	20.0928146069291	-7.04640730346455	3	28.0928146069291
ENSG00000153066	34.0954349424541	-14.0477174712271	3	42.0954349424541
ENSG00000125450	38.2289520635301	-16.114476031765	3	46.2289520635301
ENSG00000129566	32.1579873610309	-13.0789936805155	3	40.1579873610309
ENSG00000153060	-27.3090513659915	16.6545256829958	3	-19.3090513659915
ENSG00000071677	15.7587656818368	-4.87938284091842	3	23.7587656818368
ENSG00000158006	34.9772379839992	-14.4886189919996	3	42.9772379839992
ENSG00000171476	76.1957339309057	-35.0978669654528	3	84.1957339309057
ENSG00000138757	58.3738801438176	-26.1869400719088	3	66.3738801438176
ENSG00000172673	21.9484447190894	-7.97422235954468	3	29.9484447190894
ENSG00000172671	42.9194784848485	-18.4597392424242	3	50.9194784848485
ENSG00000173818	38.6341205518452	-16.3170602759226	3	46.6341205518452
ENSG00000139800	-5.92092023128342	5.96046011564171	3	2.07907976871658
ENSG00000173812	100.007621396934	-47.0038106984669	3	108.007621396934
ENSG00000011638	79.5626375479223	-36.7813187739612	3	87.5626375479223
ENSG00000185737	8.53489190426621	-1.2674459521331	3	16.5348919042662
ENSG00000165462	6.98198170109907	-0.490990850549537	3	14.9819817010991
ENSG00000115488	19.515695703087	-6.75784785154351	3	27.515695703087
ENSG00000115486	45.7453899617959	-19.8726949808979	3	53.7453899617959
ENSG00000185739	29.7042109338979	-11.8521054669489	3	37.7042109338979
ENSG00000160688	57.5757935861342	-25.7878967930671	3	65.5757935861342
ENSG00000010322	45.8235360954149	-19.9117680477075	3	53.8235360954149
ENSG00000196236	37.3966106041933	-15.6983053020967	3	45.3966106041933
ENSG00000196233	42.997774489192	-18.498887244596	3	50.997774489192
ENSG00000122035	41.9923972022975	-17.9961986011487	3	49.9923972022975
ENSG00000172497	5.28999018682232	0.355004906588838	3	13.2899901868223
ENSG00000172493	59.1131433765174	-26.5565716882587	3	67.1131433765174
ENSG00000187398	20.976922119893	-7.48846105994651	3	28.976922119893
ENSG00000113889	56.3497910042367	-25.1748955021184	3	64.3497910042367
ENSG00000011451	30.0360117500536	-12.0180058750268	3	38.0360117500536
ENSG00000119906	44.1244742763873	-19.0622371381937	3	52.1244742763873
ENSG00000090238	68.6967893482221	-31.348394674111	3	76.6967893482221
ENSG00000129197	42.9849538284166	-18.4924769142083	3	50.9849538284166
ENSG00000119900	62.6632206063849	-28.3316103031924	3	70.6632206063849
ENSG00000112357	46.0657397167466	-20.0328698583733	3	54.0657397167466
ENSG00000183671	51.9342430373766	-22.9671215186883	3	59.9342430373766
ENSG00000143314	70.0824543399874	-32.0412271699937	3	78.0824543399874
ENSG00000205143	-4.56525638015801	5.28262819007901	3	3.43474361984199
ENSG00000177938	-40.2034505813904	23.1017252906952	3	-32.2034505813904
ENSG00000148459	32.5483184745317	-13.2741592372658	3	40.5483184745317
ENSG00000104154	58.9837783825349	-26.4918891912675	3	66.983778382535
ENSG00000159352	62.2093568679193	-28.1046784339596	3	70.2093568679193
ENSG00000112282	39.8508997414986	-16.9254498707493	3	47.8508997414986
ENSG00000174990	11.5193217552375	-2.75966087761875	3	19.5193217552375
ENSG00000172322	34.5364782743273	-14.2682391371637	3	42.5364782743273
ENSG00000050030	29.8218850179011	-11.9109425089505	3	37.8218850179011
ENSG00000117500	70.6871994589631	-32.3435997294815	3	78.6871994589631
ENSG00000107175	53.0357435543154	-23.5178717771577	3	61.0357435543154
ENSG00000113083	70.3703661894812	-32.1851830947406	3	78.3703661894812
ENSG00000121210	39.1366882565162	-16.5683441282581	3	47.1366882565162
ENSG00000113088	20.9001430174248	-7.4500715087124	3	28.9001430174248
ENSG00000174099	69.5221809677788	-31.7610904838894	3	77.5221809677788
ENSG00000154920	16.7794857864724	-5.38974289323623	3	24.7794857864724
ENSG00000196943	22.8984712999824	-8.44923564999122	3	30.8984712999824
ENSG00000137409	71.5503803654556	-32.7751901827278	3	79.5503803654556
ENSG00000136928	12.3946147561153	-3.19730737805767	3	20.3946147561153
ENSG00000235194	42.2902681724031	-18.1451340862016	3	50.2902681724031
ENSG00000164221	23.8959949623273	-8.94799748116365	3	31.8959949623273
ENSG00000178295	31.1954831651	-12.59774158255	3	39.1954831651
ENSG00000060138	78.4272762235078	-36.2136381117539	3	86.4272762235078
ENSG00000155034	21.4474103059004	-7.7237051529502	3	29.4474103059004
ENSG00000044012	-23.7436474706556	14.8718237353278	3	-15.7436474706556
ENSG00000100721	-11.2040518765599	8.60202593827997	3	-3.20405187655994
ENSG00000175946	14.207048786474	-4.10352439323698	3	22.207048786474
ENSG00000120217	32.7324129122037	-13.3662064561019	3	40.7324129122037
ENSG00000100726	25.944765983257	-9.97238299162848	3	33.944765983257
ENSG00000120215	62.6103983209765	-28.3051991604882	3	70.6103983209765
ENSG00000197019	45.9692965762666	-19.9846482881333	3	53.9692965762666
ENSG00000197548	51.5256029201926	-22.7628014600963	3	59.5256029201926
ENSG00000166831	29.7791918929438	-11.8895959464719	3	37.7791918929438
ENSG00000164736	45.9202324106307	-19.9601162053153	3	53.9202324106307
ENSG00000176946	40.3761765555025	-17.1880882777512	3	48.3761765555025
ENSG00000107719	49.2352248554332	-21.6176124277166	3	57.2352248554332
ENSG00000143536	15.2914889208553	-4.64574446042767	3	23.2914889208553
ENSG00000156958	62.3384906794833	-28.1692453397417	3	70.3384906794833
ENSG00000156959	-12.5608636010053	9.28043180050267	3	-4.56086360100534
ENSG00000170734	25.4678070882912	-9.7339035441456	3	33.4678070882912
ENSG00000167524	35.4544610716401	-14.72723053582	3	43.4544610716401
ENSG00000178125	9.60815379467107	-1.80407689733553	3	17.6081537946711
ENSG00000174898	-4.19334456936192	5.09667228468096	3	3.80665543063808
ENSG00000178127	72.7355276972386	-33.3677638486193	3	80.7355276972386
ENSG00000112936	69.5956628340882	-31.7978314170441	3	77.5956628340882
ENSG00000143476	17.1290861522014	-5.56454307610072	3	25.1290861522014
ENSG00000182810	27.2207664262861	-10.610383213143	3	35.2207664262861
ENSG00000075415	83.7745577874035	-38.8872788937017	3	91.7745577874035
ENSG00000198198	47.3030936011973	-20.6515468005986	3	55.3030936011973
ENSG00000068120	34.5369546583716	-14.2684773291858	3	42.5369546583716
ENSG00000140876	63.7524619498797	-28.8762309749399	3	71.7524619498797
ENSG00000261594	-5.3696085817156	5.6848042908578	3	2.6303914182844
ENSG00000248905	38.985432960243	-16.4927164801215	3	46.985432960243
ENSG00000143786	46.5816290817648	-20.2908145408824	3	54.5816290817648
ENSG00000188659	26.8409339646592	-10.4204669823296	3	34.8409339646592
ENSG00000145192	20.3304150885472	-7.16520754427361	3	28.3304150885472
ENSG00000215845	74.1334766857745	-34.0667383428872	3	82.1334766857745
ENSG00000177548	32.193382662278	-13.096691331139	3	40.193382662278
ENSG00000156374	36.5716886365224	-15.2858443182612	3	44.5716886365224
ENSG00000106443	44.5890710553687	-19.2945355276844	3	52.5890710553687
ENSG00000134987	48.0385620374806	-21.0192810187403	3	56.0385620374806
ENSG00000134986	86.6738210966364	-40.3369105483182	3	94.6738210966364
ENSG00000213085	10.128929718231	-2.06446485911549	3	18.128929718231
ENSG00000124664	11.9623291940487	-2.98116459702436	3	19.9623291940487
ENSG00000171060	-24.3468097144724	15.1734048572362	3	-16.3468097144724
ENSG00000105855	34.1047684719351	-14.0523842359675	3	42.1047684719351
ENSG00000105854	77.8817741375057	-35.9408870687528	3	85.8817741375057
ENSG00000111481	57.9422932122078	-25.9711466061039	3	65.9422932122078
ENSG00000105856	73.3751432825745	-33.6875716412873	3	81.3751432825745
ENSG00000105851	29.1086819992406	-11.5543409996203	3	37.1086819992406
ENSG00000079689	7.382422785472	-0.691211392736	3	15.382422785472
ENSG00000187806	35.5224822375548	-14.7612411187774	3	43.5224822375548
ENSG00000135052	45.9295545374172	-19.9647772687086	3	53.9295545374172
ENSG00000082482	34.5942084669147	-14.2971042334574	3	42.5942084669147
ENSG00000012174	31.1044288978449	-12.5522144489225	3	39.1044288978449
ENSG00000142784	39.9222170871438	-16.9611085435719	3	47.9222170871438
ENSG00000135587	43.5489282695348	-18.7744641347674	3	51.5489282695348
ENSG00000123240	77.1619808955497	-35.5809904477749	3	85.1619808955497
ENSG00000123243	69.1826320922151	-31.5913160461076	3	77.1826320922151
ENSG00000177728	35.910791967921	-14.9553959839605	3	43.910791967921
ENSG00000155561	41.927286788622	-17.963643394311	3	49.927286788622
ENSG00000111728	26.2087393365407	-10.1043696682703	3	34.2087393365407
ENSG00000163191	109.740500405348	-51.8702502026742	3	117.740500405348
ENSG00000183072	-47.2053219804566	26.6026609902283	3	-39.2053219804566
ENSG00000183077	32.5146630398074	-13.2573315199037	3	40.5146630398074
ENSG00000247315	38.0298807830681	-16.0149403915341	3	46.0298807830681
ENSG00000204978	41.2366480924759	-17.6183240462379	3	49.2366480924759
ENSG00000139780	26.6828276460857	-10.3414138230429	3	34.6828276460857
ENSG00000166220	19.3083227014697	-6.65416135073483	3	27.3083227014697
ENSG00000135638	-18.5008824129826	12.2504412064913	3	-10.5008824129826
ENSG00000180667	35.8668902551009	-14.9334451275505	3	43.8668902551009
ENSG00000205707	93.1765678646097	-43.5882839323048	3	101.17656786461
ENSG00000135632	36.743836052337	-15.3719180261685	3	44.743836052337
ENSG00000135631	43.1835864092009	-18.5917932046004	3	51.1835864092009
ENSG00000147155	70.7961653618093	-32.3980826809046	3	78.7961653618093
ENSG00000114054	55.9172504204379	-24.958625210219	3	63.9172504204379
ENSG00000185896	74.3387056361893	-34.1693528180947	3	82.3387056361893
ENSG00000169764	84.9871362666935	-39.4935681333468	3	92.9871362666935
ENSG00000068001	52.1305839547716	-23.0652919773858	3	60.1305839547716
ENSG00000169762	46.1944543609939	-20.0972271804969	3	54.1944543609939
ENSG00000163449	17.5021486568387	-5.75107432841934	3	25.5021486568387
ENSG00000163440	-13.0454708912599	9.52273544562994	3	-5.04547089125989
ENSG00000183386	47.9493600513746	-20.9746800256873	3	55.9493600513746
ENSG00000163444	46.7345501887781	-20.3672750943891	3	54.7345501887781
ENSG00000162598	-24.9729254545245	15.4864627272622	3	-16.9729254545245
ENSG00000127362	-3.05947762977903	4.52973881488951	3	4.94052237022097
ENSG00000179241	33.7829980516016	-13.8914990258008	3	41.7829980516016
ENSG00000136238	74.0586654157069	-34.0293327078534	3	82.0586654157069
ENSG00000180398	86.5856578097084	-40.2928289048542	3	94.5856578097084
ENSG00000132205	51.283061086255	-22.6415305431275	3	59.283061086255
ENSG00000136235	72.0139350473602	-33.0069675236801	3	80.0139350473602
ENSG00000090932	11.1326539701428	-2.56632698507142	3	19.1326539701428
ENSG00000148200	19.5082381244364	-6.75411906221818	3	27.5082381244364
ENSG00000105141	15.6504834879498	-4.82524174397488	3	23.6504834879498
ENSG00000144554	21.5310608181033	-7.76553040905163	3	29.5310608181033
ENSG00000105146	17.9160825443892	-5.9580412721946	3	25.9160825443892
ENSG00000142920	27.6000750990956	-10.8000375495478	3	35.6000750990956
ENSG00000157778	81.1461102925485	-37.5730551462742	3	89.1461102925485
ENSG00000050730	12.2749896913624	-3.13749484568121	3	20.2749896913624
ENSG00000142599	59.4254451739826	-26.7127225869913	3	67.4254451739826
ENSG00000137364	45.1385623220606	-19.5692811610303	3	53.1385623220606
ENSG00000141002	64.8297341661452	-29.4148670830726	3	72.8297341661452
ENSG00000187231	65.0062910327115	-29.5031455163558	3	73.0062910327115
ENSG00000066405	-15.9297143167899	10.964857158395	3	-7.92971431678993
ENSG00000100532	63.5984644964028	-28.7992322482014	3	71.5984644964028
ENSG00000166676	-6.57436082515662	6.28718041257831	3	1.42563917484338
ENSG00000126368	49.2350692678317	-21.6175346339159	3	57.2350692678317
ENSG00000157593	44.0883054137718	-19.0441527068859	3	52.0883054137718
ENSG00000077454	24.6973787658794	-9.34868938293972	3	32.6973787658794
ENSG00000165891	12.5279168339575	-3.26395841697875	3	20.5279168339575
ENSG00000119574	29.4980589684299	-11.7490294842149	3	37.4980589684299
ENSG00000182544	13.2093429791589	-3.60467148957943	3	21.2093429791589
ENSG00000189079	33.635767103796	-13.817883551898	3	41.635767103796
ENSG00000112541	28.5171019353839	-11.2585509676919	3	36.5171019353839
ENSG00000206422	-1.6879161427493	3.84395807137465	3	6.3120838572507
ENSG00000005243	78.2109835441002	-36.1054917720501	3	86.2109835441002
ENSG00000152056	25.6783447739817	-9.83917238699085	3	33.6783447739817
ENSG00000021300	57.3576410788193	-25.6788205394097	3	65.3576410788193
ENSG00000158748	9.50916909757052	-1.75458454878526	3	17.5091690975705
ENSG00000153291	37.0705298735604	-15.5352649367802	3	45.0705298735604
ENSG00000137707	-2.79068964531513	4.39534482265757	3	5.20931035468487
ENSG00000159167	38.3674486715736	-16.1837243357868	3	46.3674486715736
ENSG00000104361	41.0724820665536	-17.5362410332768	3	49.0724820665536
ENSG00000061987	49.5599168426401	-21.7799584213201	3	57.5599168426401
ENSG00000122958	60.3494925523668	-27.1747462761834	3	68.3494925523668
ENSG00000173928	24.5479608472754	-9.27398042363772	3	32.5479608472754
ENSG00000122952	54.5373147520252	-24.2686573760126	3	62.5373147520252
ENSG00000145833	49.2025956461894	-21.6012978230947	3	57.2025956461894
ENSG00000145832	3.53193948715048	1.23403025642476	3	11.5319394871505
ENSG00000165322	49.1746208129713	-21.5873104064857	3	57.1746208129713
ENSG00000145781	54.7867404299647	-24.3933702149824	3	62.7867404299647
ENSG00000145782	53.2126243315883	-23.6063121657942	3	61.2126243315883
ENSG00000154027	30.5038149060547	-12.2519074530273	3	38.5038149060547
ENSG00000235568	16.3382305690272	-5.16911528451358	3	24.3382305690272
ENSG00000196550	15.1658607195694	-4.58293035978472	3	23.1658607195694
ENSG00000108395	55.7919549974432	-24.8959774987216	3	63.7919549974432
ENSG00000196553	-14.706988228923	10.3534941144615	3	-6.70698822892305
ENSG00000126787	28.7381788408281	-11.369089420414	3	36.7381788408281
ENSG00000197977	20.7240774494614	-7.36203872473071	3	28.7240774494614
ENSG00000171657	11.200684188842	-2.60034209442099	3	19.200684188842
ENSG00000197971	38.5038519238109	-16.2519259619055	3	46.5038519238109
ENSG00000175573	40.7820150475454	-17.3910075237727	3	48.7820150475454
ENSG00000105887	84.3992274930872	-39.1996137465436	3	92.3992274930872
ENSG00000197753	24.8499047550071	-9.42495237750357	3	32.8499047550071
ENSG00000197757	38.0205559195923	-16.0102779597961	3	46.0205559195923
ENSG00000120008	48.5711699696971	-21.2855849848486	3	56.5711699696971
ENSG00000165695	25.1682937110621	-9.58414685553103	3	33.1682937110621
ENSG00000179403	35.2892285859154	-14.6446142929577	3	43.2892285859154
ENSG00000117586	10.8706856549852	-2.43534282749261	3	18.8706856549852
ENSG00000204287	79.8317655537435	-36.9158827768718	3	87.8317655537435
ENSG00000179409	32.8917018892531	-13.4458509446266	3	40.8917018892531
ENSG00000113140	121.791079228231	-57.8955396141155	3	129.791079228231
ENSG00000113141	56.9562000108588	-25.4781000054294	3	64.9562000108588
ENSG00000138698	44.1184099366733	-19.0592049683367	3	52.1184099366733
ENSG00000169220	20.8502551458472	-7.4251275729236	3	28.8502551458472
ENSG00000169223	59.4629308293275	-26.7314654146637	3	67.4629308293275
ENSG00000183801	64.5843824483009	-29.2921912241505	3	72.5843824483009
ENSG00000170385	38.5999873482852	-16.2999936741426	3	46.5999873482852
ENSG00000159461	62.4598457030202	-28.2299228515101	3	70.4598457030202
ENSG00000072756	40.7404967583045	-17.3702483791522	3	48.7404967583045
ENSG00000100321	50.3439400200087	-22.1719700100044	3	58.3439400200087
ENSG00000111816	39.6737451337503	-16.8368725668751	3	47.6737451337503
ENSG00000111361	34.4152749201218	-14.2076374600609	3	42.4152749201218
ENSG00000124275	49.2741550143161	-21.637077507158	3	57.2741550143161
ENSG00000111364	34.3083967391045	-14.1541983695522	3	42.3083967391045
ENSG00000124279	33.4539715411941	-13.7269857705971	3	41.4539715411941
ENSG00000161956	40.9253003014754	-17.4626501507377	3	48.9253003014754
ENSG00000087510	40.8813728373084	-17.4406864186542	3	48.8813728373084
ENSG00000105559	21.938006428949	-7.96900321447449	3	29.938006428949
ENSG00000107816	43.3352356237424	-18.6676178118712	3	51.3352356237424
ENSG00000107815	23.0923907415695	-8.54619537078473	3	31.0923907415695
ENSG00000117245	22.2306197459433	-8.11530987297165	3	30.2306197459433
ENSG00000125247	46.0968709158417	-20.0484354579209	3	54.0968709158417
ENSG00000255298	-34.8287714544017	20.4143857272008	3	-26.8287714544017
ENSG00000169592	35.9796748202245	-14.9898374101123	3	43.9796748202245
ENSG00000169598	41.221224967482	-17.610612483741	3	49.221224967482
ENSG00000169599	62.4502970381033	-28.2251485190517	3	70.4502970381033
ENSG00000146842	34.9372964013395	-14.4686482006697	3	42.9372964013395
ENSG00000106635	48.2284840193092	-21.1142420096546	3	56.2284840193092
ENSG00000106636	57.8032976543149	-25.9016488271574	3	65.8032976543149
ENSG00000106144	33.2318118741264	-13.6159059370632	3	41.2318118741264
ENSG00000153093	3.17755988767489	1.41122005616255	3	11.1775598876749
ENSG00000106638	42.080582526806	-18.040291263403	3	50.080582526806
ENSG00000131495	100.419233621749	-47.2096168108747	3	108.419233621749
ENSG00000118434	27.8550170411932	-10.9275085205966	3	35.8550170411932
ENSG00000153094	41.2739495657489	-17.6369747828745	3	49.2739495657489
ENSG00000152670	-7.91716536571333	6.95858268285667	3	0.0828346342866659
ENSG00000152672	33.8189726489986	-13.9094863244993	3	41.8189726489986
ENSG00000110148	-6.52300324003416	6.26150162001708	3	1.47699675996584
ENSG00000102393	40.3819978209436	-17.1909989104718	3	48.3819978209436
ENSG00000102390	55.4976312477434	-24.7488156238717	3	63.4976312477434
ENSG00000036257	55.1890760398048	-24.5945380199024	3	63.1890760398048
ENSG00000181092	107.616650658784	-50.8083253293921	3	115.616650658784
ENSG00000134046	60.3789146624436	-27.1894573312218	3	68.3789146624436
ENSG00000168175	50.9362930466309	-22.4681465233155	3	58.9362930466309
ENSG00000134042	33.672788580547	-13.8363942902735	3	41.672788580547
ENSG00000065600	19.1866201731166	-6.59331008655829	3	27.1866201731166
ENSG00000124588	59.1876026717893	-26.5938013358946	3	67.1876026717893
ENSG00000150625	49.6556323659793	-21.8278161829897	3	57.6556323659793
ENSG00000124587	28.8201210137029	-11.4100605068515	3	36.8201210137029
ENSG00000167332	-0.874032121535998	3.437016060768	3	7.125967878464
ENSG00000143319	40.3648227778037	-17.1824113889018	3	48.3648227778037
ENSG00000128039	43.0548015188284	-18.5274007594142	3	51.0548015188284
ENSG00000135931	30.7682749346899	-12.3841374673449	3	38.7682749346899
ENSG00000166317	15.8221553268689	-4.91107766343444	3	23.8221553268689
ENSG00000159714	42.6073173019551	-18.3036586509776	3	50.6073173019551
ENSG00000166311	44.0521583911157	-19.0260791955578	3	52.0521583911157
ENSG00000147526	75.3258546052068	-34.6629273026034	3	83.3258546052068
ENSG00000188060	12.9801820183423	-3.49009100917115	3	20.9801820183423
ENSG00000078018	36.9641367846978	-15.4820683923489	3	44.9641367846978
ENSG00000078549	35.3613551604597	-14.6806775802298	3	43.3613551604597
ENSG00000136918	12.9634496240991	-3.48172481204953	3	20.9634496240991
ENSG00000243927	71.5856291686386	-32.7928145843193	3	79.5856291686386
ENSG00000184575	57.5382693879183	-25.7691346939592	3	65.5382693879183
ENSG00000178927	50.9952996971344	-22.4976498485672	3	58.9952996971344
ENSG00000178922	47.8912623833762	-20.9456311916881	3	55.8912623833762
ENSG00000127837	54.7136857453396	-24.3568428726698	3	62.7136857453396
ENSG00000163833	30.4332092133968	-12.2166046066984	3	38.4332092133968
ENSG00000163832	33.8218576295293	-13.9109288147647	3	41.8218576295293
ENSG00000168310	45.5409495351551	-19.7704747675775	3	53.5409495351551
ENSG00000168314	14.500903861907	-4.25045193095348	3	22.500903861907
ENSG00000105447	27.4231907884409	-10.7115953942205	3	35.4231907884409
ENSG00000188603	38.1629829280321	-16.081491464016	3	46.1629829280321
ENSG00000118298	13.1600296977756	-3.5800148488878	3	21.1600296977756
ENSG00000157978	34.165878033756	-14.082939016878	3	42.165878033756
ENSG00000040487	24.3788091981652	-9.18940459908261	3	32.3788091981652
ENSG00000108671	58.9042690618707	-26.4521345309354	3	66.9042690618707
ENSG00000215305	26.0223771944729	-10.0111885972365	3	34.0223771944729
ENSG00000203797	47.6855637165956	-20.8427818582978	3	55.6855637165956
ENSG00000106852	28.1364734585674	-11.0682367292837	3	36.1364734585674
ENSG00000115241	46.5277148160606	-20.2638574080303	3	54.5277148160606
ENSG00000153107	40.5442722392837	-17.2721361196419	3	48.5442722392837
ENSG00000133316	37.9229215963421	-15.9614607981711	3	45.9229215963421
ENSG00000133315	84.4269468887559	-39.2134734443779	3	92.4269468887559
ENSG00000135317	58.3799391082607	-26.1899695541304	3	66.3799391082607
ENSG00000165660	38.403245552098	-16.201622776049	3	46.403245552098
ENSG00000135318	47.6568204620845	-20.8284102310423	3	55.6568204620845
ENSG00000198721	65.2961230884905	-29.6480615442453	3	73.2961230884905
ENSG00000145016	26.180020536118	-10.090010268059	3	34.180020536118
ENSG00000165669	67.7170562829841	-30.858528141492	3	75.7170562829841
ENSG00000145012	65.025318884877	-29.5126594424385	3	73.025318884877
ENSG00000158022	45.3865957105813	-19.6932978552906	3	53.3865957105813
ENSG00000158023	22.8238332890517	-8.41191664452584	3	30.8238332890517
ENSG00000153044	40.1914118708641	-17.0957059354321	3	48.1914118708641
ENSG00000134193	-7.33703510966871	6.66851755483435	3	0.66296489033129
ENSG00000141252	44.8242000757276	-19.4121000378638	3	52.8242000757276
ENSG00000162873	24.0354480064291	-9.01772400321457	3	32.0354480064291
ENSG00000141255	22.3361245743336	-8.16806228716681	3	30.3361245743336
ENSG00000177868	103.388481261277	-48.6942406306386	3	111.388481261277
ENSG00000180053	-38.9047167781039	22.452358389052	3	-30.9047167781039
ENSG00000127804	29.4208397733555	-11.7104198866777	3	37.4208397733555
ENSG00000162129	36.6682487031625	-15.3341243515813	3	44.6682487031625
ENSG00000066651	43.2736842053221	-18.6368421026611	3	51.2736842053221
ENSG00000179388	35.9197783181043	-14.9598891590521	3	43.9197783181043
ENSG00000066654	47.8452947029029	-20.9226473514514	3	55.8452947029029
ENSG00000233436	0.672744237697701	2.66362788115115	3	8.6727442376977
ENSG00000160948	63.9169464605529	-28.9584732302765	3	71.9169464605529
ENSG00000185716	48.2188624170697	-21.1094312085349	3	56.2188624170697
ENSG00000136770	42.0908976299579	-18.0454488149789	3	50.0908976299579
ENSG00000132631	-1.87383531393277	3.93691765696638	3	6.12616468606723
ENSG00000165406	47.1057629795311	-20.5528814897655	3	55.1057629795311
ENSG00000213465	64.7304519331806	-29.3652259665903	3	72.7304519331806
ENSG00000109501	40.4689276735631	-17.2344638367816	3	48.4689276735631
ENSG00000165474	39.8752010319577	-16.9376005159788	3	47.8752010319577
ENSG00000162782	14.4744654882035	-4.23723274410175	3	22.4744654882035
ENSG00000112041	-16.0968527264155	11.0484263632078	3	-8.09685272641551
ENSG00000074317	8.59394675535218	-1.29697337767609	3	16.5939467553522
ENSG00000112739	43.73744644027	-18.868723220135	3	51.73744644027
ENSG00000131507	77.3508486292564	-35.6754243146282	3	85.3508486292564
ENSG00000122545	80.3780393739488	-37.1890196869744	3	88.3780393739488
ENSG00000122547	56.7006486102166	-25.3503243051083	3	64.7006486102166
ENSG00000085760	39.6084053431667	-16.8042026715833	3	47.6084053431667
ENSG00000120075	3.64106880923944	1.17946559538028	3	11.6410688092394
ENSG00000183654	5.89395988227382	0.0530200588630909	3	13.8939598822738
ENSG00000055483	46.414728404171	-20.2073642020855	3	54.414728404171
ENSG00000076641	39.0574243100114	-16.5287121550057	3	47.0574243100114
ENSG00000116922	36.8009193896661	-15.400459694833	3	44.8009193896661
ENSG00000001626	28.0659057541295	-11.0329528770648	3	36.0659057541295
ENSG00000159374	-4.39124695087534	5.19562347543767	3	3.60875304912466
ENSG00000104177	41.5449003204087	-17.7724501602044	3	49.5449003204087
ENSG00000001629	51.3845098511857	-22.6922549255928	3	59.3845098511857
ENSG00000139865	16.2569265452939	-5.12846327264696	3	24.2569265452939
ENSG00000130517	46.6118924155408	-20.3059462077704	3	54.6118924155408
ENSG00000153214	54.0995285873413	-24.0497642936707	3	62.0995285873413
ENSG00000139675	79.479310224041	-36.7396551120205	3	87.479310224041
ENSG00000073169	34.4632258485936	-14.2316129242968	3	42.4632258485936
ENSG00000164283	15.3022065765456	-4.6511032882728	3	23.3022065765456
ENSG00000164209	49.7252235511581	-21.862611775579	3	57.7252235511581
ENSG00000164758	61.4948063920815	-27.7474031960408	3	69.4948063920816
ENSG00000196968	38.628594675565	-16.3142973377825	3	46.628594675565
ENSG00000164754	64.0366482468282	-29.0183241234141	3	72.0366482468282
ENSG00000213079	43.7514274640897	-18.8757137320449	3	51.7514274640897
ENSG00000164751	49.68730208261	-21.843651041305	3	57.68730208261
ENSG00000155508	53.2173483854707	-23.6086741927353	3	61.2173483854707
ENSG00000168952	50.3963734508708	-22.1981867254354	3	58.3963734508708
ENSG00000168955	2.49741188582673	1.75129405708664	3	10.4974118858267
ENSG00000197563	39.6576457337404	-16.8288228668702	3	47.6576457337404
ENSG00000054282	49.7360859169422	-21.8680429584711	3	57.7360859169422
ENSG00000011478	19.8202074159589	-6.91010370797946	3	27.8202074159589
ENSG00000117748	49.1779373001101	-21.588968650055	3	57.1779373001101
ENSG00000053770	39.1222941749119	-16.561147087456	3	47.1222941749119
ENSG00000170248	65.2748769281359	-29.637438464068	3	73.2748769281359
ENSG00000010704	48.7781223197869	-21.3890611598935	3	56.7781223197869
ENSG00000110777	20.324054339792	-7.162027169896	3	28.324054339792
ENSG00000125046	23.2341101327324	-8.61705506636618	3	31.2341101327324
ENSG00000111052	47.9330747608267	-20.9665373804134	3	55.9330747608267
ENSG00000170242	52.6423678204774	-23.3211839102387	3	60.6423678204774
ENSG00000086589	45.9546945660242	-19.9773472830121	3	53.9546945660242
ENSG00000235711	-10.791581206325	8.39579060316249	3	-2.79158120632498
ENSG00000156970	14.952970327864	-4.47648516393198	3	22.952970327864
ENSG00000143418	52.005916263999	-23.0029581319995	3	60.005916263999
ENSG00000086232	44.2502231960331	-19.1251115980166	3	52.2502231960331
ENSG00000203666	63.7932002927496	-28.8966001463748	3	71.7932002927496
ENSG00000143412	28.8436407779361	-11.4218203889681	3	36.8436407779361
ENSG00000172461	21.2691642700284	-7.63458213501421	3	29.2691642700284
ENSG00000182836	31.947913371311	-12.9739566856555	3	39.947913371311
ENSG00000182521	9.5206240278931	-1.76031201394655	3	17.5206240278931
ENSG00000159884	59.812123097422	-26.906061548711	3	67.812123097422
ENSG00000172466	48.0780909283403	-21.0390454641702	3	56.0780909283403
ENSG00000109184	55.1022893657664	-24.5511446828832	3	63.1022893657664
ENSG00000197696	51.4997041455976	-22.7498520727988	3	59.4997041455976
ENSG00000117528	51.767400451699	-22.8837002258495	3	59.767400451699
ENSG00000107159	11.2081248458441	-2.60406242292207	3	19.2081248458441
ENSG00000117525	65.3074728086997	-29.6537364043499	3	73.3074728086997
ENSG00000204498	35.2848426469948	-14.6424213234974	3	43.2848426469948
ENSG00000160124	48.9039713918624	-21.4519856959312	3	56.9039713918624
ENSG00000110801	54.6271450474113	-24.3135725237057	3	62.6271450474113
ENSG00000011422	43.5054305726729	-18.7527152863365	3	51.5054305726729
ENSG00000104825	32.910958948278	-13.455479474139	3	40.910958948278
ENSG00000104823	78.2230262962606	-36.1115131481303	3	86.2230262962606
ENSG00000168209	83.507974451629	-38.7539872258145	3	91.507974451629
ENSG00000265107	37.5323524494507	-15.7661762247253	3	45.5323524494507
ENSG00000175294	9.27000784477053	-1.63500392238527	3	17.2700078447705
ENSG00000151379	-31.9619506341929	18.9809753170965	3	-23.9619506341929
ENSG00000107738	55.6633433299917	-24.8316716649959	3	63.6633433299917
ENSG00000176928	36.6449574979938	-15.3224787489969	3	44.6449574979938
ENSG00000176927	22.5985569918379	-8.29927849591897	3	30.5985569918379
ENSG00000176925	-39.7321702942325	22.8660851471162	3	-31.7321702942325
ENSG00000106460	62.9730692479098	-28.4865346239549	3	70.9730692479098
ENSG00000198160	45.7617660267712	-19.8808830133856	3	53.7617660267712
ENSG00000120949	0.491244861016657	2.75437756949167	3	8.49124486101666
ENSG00000139278	43.9300872197776	-18.9650436098888	3	51.9300872197776
ENSG00000120942	33.9067013430852	-13.9533506715426	3	41.9067013430852
ENSG00000171044	18.6066290349854	-6.30331451749272	3	26.6066290349854
ENSG00000057704	48.0438500591104	-21.0219250295552	3	56.0438500591104
ENSG00000179674	1.35085522673052	2.32457238663474	3	9.35085522673052
ENSG00000109881	57.8359199689868	-25.9179599844934	3	65.8359199689868
ENSG00000057252	61.6252202089383	-27.8126101044692	3	69.6252202089383
ENSG00000187821	-34.9296997094777	20.4648498547388	3	-26.9296997094777
ENSG00000142230	55.6416298356773	-24.8208149178386	3	63.6416298356773
ENSG00000131061	20.3247338269326	-7.16236691346628	3	28.3247338269326
ENSG00000142233	13.1956096903949	-3.59780484519746	3	21.1956096903949
ENSG00000131067	24.9822867065238	-9.49114335326188	3	32.9822867065238
ENSG00000147316	39.6915167550846	-16.8457583775423	3	47.6915167550846
ENSG00000113600	39.0917092421746	-16.5458546210873	3	47.0917092421746
ENSG00000140859	53.8469312440454	-23.9234656220227	3	61.8469312440454
ENSG00000064218	8.50499963608997	-1.25249981804498	3	16.50499963609
ENSG00000160439	21.9117362639613	-7.95586813198063	3	29.9117362639613
ENSG00000123268	57.1563615553921	-25.5781807776961	3	65.1563615553921
ENSG00000140854	18.8426822728282	-6.42134113641409	3	26.8426822728282
ENSG00000145220	46.059550575232	-20.029775287616	3	54.059550575232
ENSG00000177294	14.8753392864247	-4.43766964321235	3	22.8753392864247
ENSG00000168785	37.9435568673368	-15.9717784336684	3	45.9435568673368
ENSG00000183011	65.5605376162226	-29.7802688081113	3	73.5605376162226
ENSG00000109089	33.4811069989869	-13.7405534994934	3	41.4811069989869
ENSG00000109083	66.7913279638623	-30.3956639819312	3	74.7913279638623
ENSG00000111602	25.0562849231176	-9.52814246155878	3	33.0562849231176
ENSG00000111605	58.8643250512185	-26.4321625256093	3	66.8643250512185
ENSG00000109084	41.5968494483513	-17.7984247241756	3	49.5968494483513
ENSG00000162804	42.9584908901845	-18.4792454450923	3	50.9584908901845
ENSG00000183605	28.3534798380693	-11.1767399190346	3	36.3534798380693
ENSG00000079557	6.21049650981777	-0.105248254908887	3	14.2104965098178
ENSG00000068028	51.8935614588543	-22.9467807294272	3	59.8935614588543
ENSG00000115380	73.6506402129063	-33.8253201064531	3	81.6506402129063
ENSG00000168434	41.6253396661728	-17.8126698330864	3	49.6253396661728
ENSG00000163312	28.5254239908928	-11.2627119954464	3	36.5254239908928
ENSG00000069998	42.3439416112566	-18.1719708056283	3	50.3439416112566
ENSG00000084754	77.3800492839579	-35.690024641979	3	85.3800492839579
ENSG00000168439	56.5673602887303	-25.2836801443651	3	64.5673602887303
ENSG00000095321	59.8423806101881	-26.9211903050941	3	67.8423806101881
ENSG00000109265	28.2737591709863	-11.1368795854932	3	36.2737591709863
ENSG00000095637	85.990506484113	-39.9952532420565	3	93.990506484113
ENSG00000169976	91.4445002054035	-42.7222501027017	3	99.4445002054035
ENSG00000179262	53.0883730672942	-23.5441865336471	3	61.0883730672942
ENSG00000131686	49.6355879121612	-21.8177939560806	3	57.6355879121612
ENSG00000034713	92.5177692275906	-43.2588846137953	3	100.517769227591
ENSG00000114388	47.7568240417814	-20.8784120208907	3	55.7568240417814
ENSG00000125740	63.8546931033087	-28.9273465516543	3	71.8546931033087
ENSG00000118600	49.1750504926515	-21.5875252463257	3	57.1750504926515
ENSG00000146047	6.30522871114477	-0.152614355572383	3	14.3052287111448
ENSG00000108107	96.6853759171914	-45.3426879585957	3	104.685375917191
ENSG00000142273	27.8945507566285	-10.9472753783142	3	35.8945507566285
ENSG00000051596	61.4558331237403	-27.7279165618702	3	69.4558331237403
ENSG00000133135	38.9544774714358	-16.4772387357179	3	46.9544774714358
ENSG00000137161	50.3140458705699	-22.1570229352849	3	58.3140458705699
ENSG00000138303	47.7308573976112	-20.8654286988056	3	55.7308573976112
ENSG00000137168	50.0635288852357	-22.0317644426179	3	58.0635288852357
ENSG00000138308	20.185120774021	-7.09256038701049	3	28.185120774021
ENSG00000133687	56.1460825248483	-25.0730412624241	3	64.1460825248483
ENSG00000128829	43.6644947718368	-18.8322473859184	3	51.6644947718368
ENSG00000105376	15.8492253362431	-4.92461266812155	3	23.8492253362431
ENSG00000157020	56.2306714624908	-25.1153357312454	3	64.2306714624908
ENSG00000105370	-28.1837773154546	17.0918886577273	3	-20.1837773154546
ENSG00000088325	31.0282749211126	-12.5141374605563	3	39.0282749211126
ENSG00000088320	27.5696170198408	-10.7848085099204	3	35.5696170198408
ENSG00000146263	33.6090826852869	-13.8045413426435	3	41.6090826852869
ENSG00000116791	58.2084540419708	-26.1042270209854	3	66.2084540419708
ENSG00000146267	48.4208589701684	-21.2104294850842	3	56.4208589701684
ENSG00000105372	114.519806868045	-54.2599034340226	3	122.519806868045
ENSG00000115657	37.1740552801494	-15.5870276400747	3	45.1740552801494
ENSG00000115652	41.0794759363066	-17.5397379681533	3	49.0794759363066
ENSG00000181513	39.0549164107285	-16.5274582053642	3	47.0549164107285
ENSG00000164924	90.8008954089183	-42.4004477044592	3	98.8008954089183
ENSG00000164430	16.0011283895682	-5.0005641947841	3	24.0011283895682
ENSG00000164920	37.6753344821789	-15.8376672410895	3	45.6753344821789
ENSG00000164434	50.1368268633722	-22.0684134316861	3	58.1368268633722
ENSG00000179841	46.5464907899456	-20.2732453949728	3	54.5464907899456
ENSG00000137309	59.2667378283262	-26.6333689141631	3	67.2667378283262
ENSG00000144681	29.8231030167007	-11.9115515083504	3	37.8231030167007
ENSG00000164929	37.0365870555061	-15.5182935277531	3	45.0365870555061
ENSG00000008197	-6.30850869680046	6.15425434840023	3	1.69149130319954
ENSG00000162373	32.1203965948634	-13.0601982974317	3	40.1203965948634
ENSG00000162377	22.8318881127383	-8.41594405636914	3	30.8318881127383
ENSG00000118971	69.8183560540167	-31.9091780270084	3	77.8183560540167
ENSG00000118972	-7.12157331197004	6.56078665598502	3	0.878426688029961
ENSG00000108021	52.4599287549435	-23.2299643774718	3	60.4599287549435
ENSG00000122390	41.4479364654726	-17.7239682327363	3	49.4479364654726
ENSG00000173193	43.6652404681162	-18.8326202340581	3	51.6652404681162
ENSG00000173198	36.4064868388389	-15.2032434194195	3	44.4064868388389
ENSG00000204138	48.7726970027135	-21.3863485013567	3	56.7726970027135
ENSG00000116604	38.828547849702	-16.414273924851	3	46.828547849702
ENSG00000168899	75.553542478254	-34.776771239127	3	83.553542478254
ENSG00000168890	52.1031271409657	-23.0515635704829	3	60.1031271409657
ENSG00000112562	43.2177992121676	-18.6088996060838	3	51.2177992121676
ENSG00000020633	7.93481180900592	-0.967405904502962	3	15.9348118090059
ENSG00000173991	99.2890218133029	-46.6445109066515	3	107.289021813303
ENSG00000173992	49.1991653679949	-21.5995826839974	3	57.1991653679949
ENSG00000080189	32.1040381430512	-13.0520190715256	3	40.1040381430512
ENSG00000149932	56.5574752230992	-25.2787376115496	3	64.5574752230992
ENSG00000135535	80.1985859455266	-37.0992929727633	3	88.1985859455266
ENSG00000153904	31.1482222627889	-12.5741111313945	3	39.1482222627889
ENSG00000101425	55.4750800038595	-24.7375400019298	3	63.4750800038595
ENSG00000154227	22.9347831570481	-8.46739157852403	3	30.9347831570481
ENSG00000101421	63.9059137018352	-28.9529568509176	3	71.9059137018352
ENSG00000101391	37.2809135216443	-15.6404567608221	3	45.2809135216443
ENSG00000114480	76.8832149259546	-35.4416074629773	3	84.8832149259546
ENSG00000101938	75.2168971506753	-34.6084485753377	3	83.2168971506753
ENSG00000158769	74.4827206678097	-34.2413603339049	3	82.4827206678097
ENSG00000104611	38.4696414509285	-16.2348207254642	3	46.4696414509285
ENSG00000104613	49.8265906675225	-21.9132953337612	3	57.8265906675225
ENSG00000130305	20.3763827925578	-7.18819139627892	3	28.3763827925578
ENSG00000130300	56.9920809127093	-25.4960404563547	3	64.9920809127093
ENSG00000113389	55.7758389137501	-24.887919456875	3	63.7758389137501
ENSG00000122971	70.4216861826498	-32.2108430913249	3	78.4216861826498
ENSG00000122970	38.0161063757006	-16.0080531878503	3	46.0161063757006
ENSG00000113384	71.9450787562201	-32.97253937811	3	79.9450787562201
ENSG00000185507	58.0092814882417	-26.0046407441208	3	66.0092814882417
ENSG00000080986	16.8625032659127	-5.43125163295635	3	24.8625032659127
ENSG00000185504	26.9590920751053	-10.4795460375527	3	34.9590920751053
ENSG00000090661	48.1144564172864	-21.0572282086432	3	56.1144564172864
ENSG00000154040	22.9364359766378	-8.4682179883189	3	30.9364359766378
ENSG00000174173	44.3255658457479	-19.1627829228739	3	52.3255658457479
ENSG00000205269	70.1454103524417	-32.0727051762209	3	78.1454103524417
ENSG00000174175	39.96381722443	-16.981908612215	3	47.96381722443
ENSG00000196578	19.491502370384	-6.74575118519199	3	27.491502370384
ENSG00000164695	54.9584053166417	-24.4792026583208	3	62.9584053166417
ENSG00000164691	23.4100999062695	-8.70504995313475	3	31.4100999062695
ENSG00000017427	85.4895729332945	-39.7447864666473	3	93.4895729332945
ENSG00000120029	50.1972091571268	-22.0986045785634	3	58.1972091571268
ENSG00000180592	12.7384492820564	-3.36922464102818	3	20.7384492820564
ENSG00000120539	24.0646067186781	-9.03230335933905	3	32.0646067186781
ENSG00000073578	83.2321162808548	-38.6160581404274	3	91.2321162808548
ENSG00000113163	64.0110283632519	-29.0055141816259	3	72.0110283632519
ENSG00000113161	47.4367234812317	-20.7183617406158	3	55.4367234812317
ENSG00000183826	77.4883102667905	-35.7441551333953	3	85.4883102667905
ENSG00000072952	24.5380908120425	-9.26904540602127	3	32.5380908120425
ENSG00000072954	44.4105884500081	-19.2052942250041	3	52.4105884500081
ENSG00000151468	47.8398637913399	-20.9199318956699	3	55.8398637913399
ENSG00000079785	55.6115635485385	-24.8057817742692	3	63.6115635485385
ENSG00000141294	-6.33017649008715	6.16508824504358	3	1.66982350991285
ENSG00000147262	-19.9659243896577	12.9829621948289	3	-11.9659243896577
ENSG00000138002	34.3243080433821	-14.162154021691	3	42.3243080433821
ENSG00000103145	88.4181037582514	-41.2090518791257	3	96.4181037582514
ENSG00000107833	56.1990054443287	-25.0995027221643	3	64.1990054443287
ENSG00000006530	41.933908689984	-17.966954344992	3	49.933908689984
ENSG00000151466	44.7251625855563	-19.3625812927782	3	52.7251625855563
ENSG00000106617	48.9304166223523	-21.4652083111761	3	56.9304166223523
ENSG00000106615	82.5139545650586	-38.2569772825293	3	90.5139545650586
ENSG00000213246	76.3943235910394	-35.1971617955197	3	84.3943235910394
ENSG00000100116	49.3537117932955	-21.6768558966477	3	57.3537117932955
ENSG00000124074	26.286272643457	-10.1431363217285	3	34.286272643457
ENSG00000131477	80.2975179829571	-37.1487589914786	3	88.2975179829571
ENSG00000131470	20.1823300565324	-7.09116502826618	3	28.1823300565324
ENSG00000131473	79.0056348617901	-36.5028174308951	3	87.0056348617901
ENSG00000103642	38.024710947206	-16.012355473603	3	46.024710947206
ENSG00000151413	40.1455847100769	-17.0727923550385	3	48.1455847100769
ENSG00000160593	31.7151291871331	-12.8575645935665	3	39.7151291871331
ENSG00000125703	44.8662415541336	-19.4331207770668	3	52.8662415541336
ENSG00000170502	54.1365710196145	-24.0682855098073	3	62.1365710196145
ENSG00000131379	8.99902971330894	-1.49951485665447	3	16.9990297133089
ENSG00000134539	55.8533887738323	-24.9266943869162	3	63.8533887738323
ENSG00000076924	28.1975058575015	-11.0987529287507	3	36.1975058575015
ENSG00000143337	47.5979013195177	-20.7989506597589	3	55.5979013195177
ENSG00000134533	44.2866529630066	-19.1433264815033	3	52.2866529630066
ENSG00000134531	87.6835683457247	-40.8417841728624	3	95.6835683457247
ENSG00000198570	10.544653688847	-2.2723268444235	3	18.544653688847
ENSG00000143621	56.5973183837512	-25.2986591918756	3	64.5973183837512
ENSG00000143622	57.7190233709218	-25.8595116854609	3	65.7190233709218
ENSG00000155530	8.69998691101825	-1.34999345550913	3	16.6999869110183
ENSG00000198574	21.0335818362308	-7.51679091811538	3	29.0335818362308
ENSG00000167641	76.4961547451997	-35.2480773725998	3	84.4961547451997
ENSG00000167642	74.8986513822946	-34.4493256911473	3	82.8986513822946
ENSG00000134028	14.8755532846934	-4.43777664234671	3	22.8755532846934
ENSG00000171453	36.7522118362363	-15.3761059181181	3	44.7522118362363
ENSG00000124251	20.2216205932916	-7.11081029664578	3	28.2216205932916
ENSG00000111832	69.184788772408	-31.592394386204	3	77.184788772408
ENSG00000124257	20.1673459092339	-7.08367295461694	3	28.1673459092339
ENSG00000136305	24.2358967173624	-9.11794835868118	3	32.2358967173624
ENSG00000166997	60.6477281546903	-27.3238640773452	3	68.6477281546903
ENSG00000156110	55.4961208186007	-24.7480604093003	3	63.4961208186007
ENSG00000068903	51.2207099151578	-22.6103549575789	3	59.2207099151578
ENSG00000069509	53.9799950074897	-23.9899975037449	3	61.9799950074897
ENSG00000163818	49.0148699962448	-21.5074349981224	3	57.0148699962448
ENSG00000163814	41.7736292957834	-17.8868146478917	3	49.7736292957834
ENSG00000154102	69.5150900793865	-31.7575450396932	3	77.5150900793865
ENSG00000163811	52.5303458706529	-23.2651729353264	3	60.5303458706529
ENSG00000163812	54.8106310082605	-24.4053155041302	3	62.8106310082605
ENSG00000105429	19.2472441429173	-6.62362207145867	3	27.2472441429173
ENSG00000146830	38.6605228303841	-16.330261415192	3	46.6605228303841
ENSG00000094804	15.7982487902395	-4.89912439511977	3	23.7982487902395
ENSG00000105427	-5.81862895320075	5.90931447660037	3	2.18137104679925
ENSG00000094755	26.7551262152564	-10.3775631076282	3	34.7551262152564
ENSG00000027697	60.8822677248274	-27.4411338624137	3	68.8822677248274
ENSG00000091986	77.8841880184996	-35.9420940092498	3	85.8841880184996
ENSG00000177888	43.6095876066028	-18.8047938033014	3	51.6095876066028
ENSG00000177885	64.3944359480745	-29.1972179740372	3	72.3944359480745
ENSG00000024526	18.4111756963821	-6.20558784819103	3	26.4111756963821
ENSG00000019995	35.3452290582462	-14.6726145291231	3	43.3452290582462
ENSG00000171202	75.2049207328829	-34.6024603664414	3	83.2049207328829
ENSG00000105392	-6.62289034902116	6.31144517451058	3	1.37710965097884
ENSG00000173611	38.7220654073529	-16.3610327036765	3	46.7220654073529
ENSG00000147509	23.0808026468316	-8.54040132341578	3	31.0808026468316
ENSG00000135778	66.9530821896802	-30.4765410948401	3	74.9530821896802
ENSG00000135953	31.1047654667195	-12.5523827333597	3	39.1047654667195
ENSG00000135776	46.1139540401333	-20.0569770200666	3	54.1139540401333
ENSG00000135951	40.9193875250558	-17.4596937625279	3	48.9193875250558
ENSG00000139428	48.2828946844383	-21.1414473422192	3	56.2828946844383
ENSG00000135956	44.1486870155613	-19.0743435077807	3	52.1486870155613
ENSG00000180329	46.5091011114146	-20.2545505557073	3	54.5091011114146
ENSG00000091181	-5.64940579211388	5.82470289605694	3	2.35059420788612
ENSG00000108924	39.4729288617849	-16.7364644308924	3	47.4729288617849
ENSG00000175550	63.0645005900163	-28.5322502950081	3	71.0645005900163
ENSG00000146678	5.95485254122575	0.0225737293871258	3	13.9548525412257
ENSG00000157326	71.8202399333919	-32.9101199666959	3	79.8202399333919
ENSG00000132749	7.77773833378728	-0.888869166893642	3	15.7777383337873
ENSG00000149547	47.5959908675984	-20.7979954337992	3	55.5959908675984
ENSG00000165644	48.0635097056569	-21.0317548528284	3	56.0635097056569
ENSG00000146670	0.304388481240274	2.84780575937986	3	8.30438848124027
ENSG00000149541	53.9920800305533	-23.9960400152767	3	61.9920800305533
ENSG00000132740	29.502998012676	-11.751499006338	3	37.502998012676
ENSG00000177084	39.9204171426994	-16.9602085713497	3	47.9204171426994
ENSG00000177082	30.9012334683527	-12.4506167341764	3	38.9012334683527
ENSG00000186468	103.949989987706	-48.9749949938532	3	111.949989987706
ENSG00000180773	44.6524584135792	-19.3262292067896	3	52.6524584135792
ENSG00000167861	31.0648682995601	-12.53243414978	3	39.0648682995601
ENSG00000167862	63.4076808922188	-28.7038404461094	3	71.4076808922188
ENSG00000136156	107.332140878927	-50.6660704394637	3	115.332140878927
ENSG00000187024	42.0002301481434	-18.0001150740717	3	50.0002301481434
ENSG00000142039	31.9357990671038	-12.9678995335519	3	39.9357990671038
ENSG00000141279	55.0975787527765	-24.5487893763883	3	63.0975787527765
ENSG00000162148	13.6077792693611	-3.80388963468058	3	21.6077792693611
ENSG00000166199	45.2798863200313	-19.6399431600156	3	53.2798863200313
ENSG00000180035	31.5941111614041	-12.797055580702	3	39.5941111614041
ENSG00000138964	27.2728808232115	-10.6364404116057	3	35.2728808232115
ENSG00000165282	54.2548029693304	-24.1274014846652	3	62.2548029693304
ENSG00000239900	43.7117345902278	-18.8558672951139	3	51.7117345902278
ENSG00000166197	43.0377982128138	-18.5188991064069	3	51.0377982128138
ENSG00000185774	16.4836752493389	-5.24183762466943	3	24.4836752493389
ENSG00000165424	41.0997382732844	-17.5498691366422	3	49.0997382732844
ENSG00000090054	59.2524915844124	-26.6262457922062	3	67.2524915844124
ENSG00000232070	2.41213259641462	1.79393370179269	3	10.4121325964146
ENSG00000101098	20.3506645113428	-7.1753322556714	3	28.3506645113428
ENSG00000214360	21.4481829644152	-7.72409148220759	3	29.4481829644152
ENSG00000112715	69.1827937775594	-31.5913968887797	3	77.1827937775594
ENSG00000135722	22.0764675777501	-8.03823378887503	3	30.0764675777501
ENSG00000070495	38.3023568563259	-16.1511784281629	3	46.3023568563259
ENSG00000174348	68.9400916354847	-31.4700458177424	3	76.9400916354847
ENSG00000118017	5.1288420571753	0.435578971412348	3	13.1288420571753
ENSG00000085741	31.6386316574443	-12.8193158287222	3	39.6386316574443
ENSG00000080511	38.3539811795787	-16.1769905897894	3	46.3539811795787
ENSG00000077312	40.9057876105926	-17.4528938052963	3	48.9057876105926
ENSG00000119943	38.988582885754	-16.494291442877	3	46.988582885754
ENSG00000090581	82.2634460617585	-38.1317230308793	3	90.2634460617585
ENSG00000060688	39.3697367509581	-16.6848683754791	3	47.3697367509581
ENSG00000170881	49.5897620994829	-21.7948810497415	3	57.5897620994829
ENSG00000138468	40.3978702545246	-17.1989351272623	3	48.3978702545246
ENSG00000205189	38.7535104274197	-16.3767552137098	3	46.7535104274197
ENSG00000164597	48.6967361136458	-21.3483680568229	3	56.6967361136458
ENSG00000089639	19.5181279964483	-6.75906399822417	3	27.5181279964483
ENSG00000164591	22.4741707434438	-8.23708537172192	3	30.4741707434438
ENSG00000138463	47.5680131746449	-20.7840065873224	3	55.5680131746449
ENSG00000144746	73.2386751464365	-33.6193375732182	3	81.2386751464365
ENSG00000144747	41.3747941140359	-17.6873970570179	3	49.3747941140359
ENSG00000132434	45.903161810129	-19.9515809050645	3	53.903161810129
ENSG00000182177	1.46588454850121	2.2670577257494	3	9.46588454850121
ENSG00000166736	2.51100733994158	1.74449633002921	3	10.5110073399416
ENSG00000182175	47.4732890757668	-20.7366445378834	3	55.4732890757668
ENSG00000166734	62.2719081648034	-28.1359540824017	3	70.2719081648034
ENSG00000182173	31.2815391962001	-12.6407695981001	3	39.2815391962001
ENSG00000166152	-27.9564281232196	16.9782140616098	3	-19.9564281232196
ENSG00000126088	49.6825617022366	-21.8412808511183	3	57.6825617022366
ENSG00000186889	56.189549909008	-25.094774954504	3	64.189549909008
ENSG00000122707	41.0166603053035	-17.5083301526517	3	49.0166603053035
ENSG00000122705	80.0954082312828	-37.0477041156414	3	88.0954082312828
ENSG00000157927	25.1926723318014	-9.59633616590072	3	33.1926723318014
ENSG00000010818	29.4061230997443	-11.7030615498721	3	37.4061230997443
ENSG00000170088	37.4538868729676	-15.7269434364838	3	45.4538868729676
ENSG00000196900	12.5442924255465	-3.27214621277325	3	20.5442924255465
ENSG00000158402	29.5966002285302	-11.7983001142651	3	37.5966002285302
ENSG00000170085	32.1788987054259	-13.089449352713	3	40.1788987054259
ENSG00000178257	5.95346183444372	0.0232690827781386	3	13.9534618344437
ENSG00000164778	-34.6777129398281	20.338856469914	3	-26.6777129398281
ENSG00000178252	37.0827328373735	-15.5413664186868	3	45.0827328373735
ENSG00000181852	44.5289554250261	-19.2644777125131	3	52.5289554250261
ENSG00000128536	29.6903808945544	-11.8451904472772	3	37.6903808945544
ENSG00000128534	90.2997959988347	-42.1498979994174	3	98.2997959988347
ENSG00000150593	73.8216053343247	-33.9108026671624	3	81.8216053343247
ENSG00000100271	52.558221680369	-23.2791108401845	3	60.558221680369
ENSG00000172086	68.7560969295247	-31.3780484647624	3	76.7560969295247
ENSG00000168938	72.0257930049331	-33.0128965024665	3	80.0257930049331
ENSG00000155275	38.8483068350103	-16.4241534175052	3	46.8483068350103
ENSG00000175906	43.5226754253213	-18.7613377126606	3	51.5226754253213
ENSG00000117899	52.6342476443248	-23.3171238221624	3	60.6342476443248
ENSG00000126882	27.1175676699574	-10.5587838349787	3	35.1175676699574
ENSG00000122566	79.4398711533296	-36.7199355766648	3	87.4398711533296
ENSG00000233670	9.3875492988397	-1.69377464941985	3	17.3875492988397
ENSG00000186088	55.9112732415807	-24.9556366207904	3	63.9112732415807
ENSG00000121039	45.1546548256436	-19.5773274128218	3	53.1546548256436
ENSG00000174238	69.151698757115	-31.5758493785575	3	77.151698757115
ENSG00000170264	35.3169674848271	-14.6584837424135	3	43.3169674848271
ENSG00000204928	19.0903971159049	-6.54519855795244	3	27.0903971159049
ENSG00000170262	50.5353366579657	-22.2676683289829	3	58.5353366579657
ENSG00000174231	47.7543208988278	-20.8771604494139	3	55.7543208988278
ENSG00000110713	48.0102715588891	-21.0051357794446	3	56.0102715588891
ENSG00000196636	49.9874472729928	-21.9937236364964	3	57.9874472729928
ENSG00000128285	-16.0601014674664	11.0300507337332	3	-8.06010146746644
ENSG00000144357	48.5385344339982	-21.2692672169991	3	56.5385344339982
ENSG00000128283	39.2500912264762	-16.6250456132381	3	47.2500912264762
ENSG00000182504	26.8686385704687	-10.4343192852343	3	34.8686385704686
ENSG00000174740	25.3637606238486	-9.68188031192428	3	33.3637606238486
ENSG00000125843	35.9094731390591	-14.9547365695296	3	43.9094731390591
ENSG00000088543	51.489267255294	-22.744633627647	3	59.489267255294
ENSG00000151176	55.6529860786778	-24.8264930393389	3	63.6529860786778
ENSG00000117090	22.5867682661018	-8.29338413305088	3	30.5867682661018
ENSG00000073146	-7.82004994587607	6.91002497293803	3	0.17995005412393
ENSG00000106266	44.8597859277398	-19.4298929638699	3	52.8597859277398
ENSG00000106263	59.0600485419161	-26.5300242709581	3	67.0600485419161
ENSG00000106261	35.6448951422968	-14.8224475711484	3	43.6448951422968
ENSG00000135476	-11.6527711368994	8.8263855684497	3	-3.65277113689941
ENSG00000106268	50.0362871709629	-22.0181435854814	3	58.0362871709629
ENSG00000104808	33.6767953175108	-13.8383976587554	3	41.6767953175108
ENSG00000104805	62.098276287622	-28.049138143811	3	70.098276287622
ENSG00000104804	26.2131231778012	-10.1065615889006	3	34.2131231778012
ENSG00000204219	69.3461991497036	-31.6730995748518	3	77.3461991497036
ENSG00000113595	35.386301750739	-14.6931508753695	3	43.386301750739
ENSG00000113594	56.9730541783114	-25.4865270891557	3	64.9730541783114
ENSG00000113593	50.7722227882439	-22.3861113941219	3	58.7722227882439
ENSG00000176900	-21.2380805226979	13.6190402613489	3	-13.2380805226979
ENSG00000176903	44.1573998313253	-19.0786999156626	3	52.1573998313253
ENSG00000161558	28.0559629450344	-11.0279814725172	3	36.0559629450344
ENSG00000176909	7.98078734603422	-0.990393673017112	3	15.9807873460342
ENSG00000129221	-22.5748438804685	14.2874219402343	3	-14.5748438804685
ENSG00000106400	70.9592215670661	-32.479610783533	3	78.9592215670661
ENSG00000134940	-26.3267172998961	16.1633586499481	3	-18.3267172998961
ENSG00000134490	38.5784172115048	-16.2892086057524	3	46.5784172115048
ENSG00000143294	40.8862192027458	-17.4431096013729	3	48.8862192027458
ENSG00000139218	60.7124939798613	-27.3562469899307	3	68.7124939798613
ENSG00000111445	42.1567353705146	-18.0783676852573	3	50.1567353705146
ENSG00000139211	40.9820225411897	-17.4910112705949	3	48.9820225411897
ENSG00000175018	33.0472743761398	-13.5236371880699	3	41.0472743761398
ENSG00000187840	83.9247158509123	-38.9623579254562	3	91.9247158509123
ENSG00000131044	-1.8654573918233	3.93272869591165	3	6.1345426081767
ENSG00000135540	31.2893127551464	-12.6446563775732	3	39.2893127551464
ENSG00000135541	44.7267447059187	-19.3633723529594	3	52.7267447059187
ENSG00000131043	31.0438940927008	-12.5219470463504	3	39.0438940927008
ENSG00000113621	47.2896230182732	-20.6448115091366	3	55.2896230182732
ENSG00000135549	56.3413963278558	-25.1706981639279	3	64.3413963278558
ENSG00000255552	46.626412479023	-20.3132062395115	3	54.626412479023
ENSG00000140526	50.0217626140736	-22.0108813070368	3	58.0217626140736
ENSG00000140525	26.0217946632984	-10.0108973316492	3	34.0217946632984
ENSG00000140522	6.44029771364628	-0.220148856823141	3	14.4402977136463
ENSG00000140521	49.5518217985891	-21.7759108992946	3	57.5518217985891
ENSG00000167107	62.3648462206271	-28.1824231103136	3	70.3648462206271
ENSG00000189058	95.9170428869732	-44.9585214434866	3	103.917042886973
ENSG00000163156	50.2816468024198	-22.1408234012099	3	58.2816468024198
ENSG00000163157	51.4448601237804	-22.7224300618902	3	59.4448601237804
ENSG00000167103	-14.7513621734327	10.3756810867163	3	-6.75136217343266
ENSG00000183032	23.284771138689	-8.6423855693445	3	31.284771138689
ENSG00000189050	46.4627142680955	-20.2313571340478	3	54.4627142680955
ENSG00000163159	42.8943902900916	-18.4471951450458	3	50.8943902900916
ENSG00000189056	31.5000598151274	-12.7500299075637	3	39.5000598151274
ENSG00000109065	45.156371684139	-19.5781858420695	3	53.156371684139
ENSG00000109066	25.0623294809892	-9.53116474049461	3	33.0623294809892
ENSG00000109062	53.4621359986069	-23.7310679993034	3	61.4621359986069
ENSG00000038358	16.8797273604719	-5.43986368023597	3	24.8797273604719
ENSG00000087301	44.485743611493	-19.2428718057465	3	52.485743611493
ENSG00000087302	80.9429654192263	-37.4714827096132	3	88.9429654192263
ENSG00000087303	68.2311119130804	-31.1155559565402	3	76.2311119130804
ENSG00000188452	17.0738971729815	-5.53694858649073	3	25.0738971729815
ENSG00000114019	48.766837028761	-21.3834185143805	3	56.766837028761
ENSG00000166851	7.92703548702756	-0.96351774351378	3	15.9270354870276
ENSG00000166855	55.6380637390975	-24.8190318695487	3	63.6380637390975
ENSG00000114013	45.7018099375768	-19.8509049687884	3	53.7018099375768
ENSG00000116704	38.6658383508874	-16.3329191754437	3	46.6658383508874
ENSG00000168453	18.4371049879185	-6.21855249395925	3	26.4371049879185
ENSG00000168454	-5.00792109725007	5.50396054862503	3	2.99207890274993
ENSG00000163376	9.01097047887092	-1.50548523943546	3	17.0109704788709
ENSG00000163377	7.7097554293888	-0.854877714694402	3	15.7097554293888
ENSG00000163378	47.1770126706824	-20.5885063353412	3	55.1770126706824
ENSG00000048140	53.143887411913	-23.5719437059565	3	61.143887411913
ENSG00000189350	1.6817673863696	2.1591163068152	3	9.6817673863696
ENSG00000267796	36.5182630058475	-15.2591315029238	3	44.5182630058475
ENSG00000116251	113.588103741817	-53.7940518709084	3	121.588103741817
ENSG00000012061	47.171713869506	-20.585856934753	3	55.171713869506
ENSG00000176273	37.5072215376227	-15.7536107688114	3	45.5072215376227
ENSG00000083799	35.1387441961876	-14.5693720980938	3	43.1387441961876
