genename	AIC	lnL	k	AICC
ENSG00000120885	97.0083719932438	-45.5041859966219	3	105.008371993244
ENSG00000031698	61.207268616512	-27.603634308256	3	69.207268616512
ENSG00000171303	28.2956825066823	-11.1478412533412	3	36.2956825066823
ENSG00000031691	35.3186119566998	-14.6593059783499	3	43.3186119566998
ENSG00000135355	3.77355672299723	1.11322163850139	3	11.7735567229972
ENSG00000179152	37.6227270450481	-15.8113635225241	3	45.6227270450481
ENSG00000179151	43.0135425581525	-18.5067712790763	3	51.0135425581525
ENSG00000142156	81.8444028714922	-37.9222014357461	3	89.8444028714922
ENSG00000147471	48.7456278328429	-21.3728139164215	3	56.7456278328429
ENSG00000142621	9.09207567052778	-1.54603783526389	3	17.0920756705278
ENSG00000223638	28.8582508430818	-11.4291254215409	3	36.8582508430818
ENSG00000169519	30.48776844383	-12.243884221915	3	38.48776844383
ENSG00000169047	34.2503669661431	-14.1251834830715	3	42.2503669661431
ENSG00000068654	31.4689119881662	-12.7344559940831	3	39.4689119881662
ENSG00000068308	49.4743601380259	-21.737180069013	3	57.4743601380259
ENSG00000163617	35.7006889120086	-14.8503444560043	3	43.7006889120086
ENSG00000189159	54.3226033146828	-24.1613016573414	3	62.3226033146828
ENSG00000163611	40.8209891864335	-17.4104945932168	3	48.8209891864335
ENSG00000183172	89.9875825257972	-41.9937912628986	3	97.9875825257972
ENSG00000167550	3.16334870666389	1.41832564666805	3	11.1633487066639
ENSG00000240344	44.8602728826705	-19.4301364413353	3	52.8602728826705
ENSG00000273274	5.65124682042809	0.174376589785955	3	13.6512468204281
ENSG00000062485	82.2911873952702	-38.1455936976351	3	90.2911873952702
ENSG00000114115	64.5916778689993	-29.2958389344996	3	72.5916778689993
ENSG00000114113	-0.456853505082498	3.22842675254125	3	7.5431464949175
ENSG00000108813	25.9038077169036	-9.9519038584518	3	33.9038077169036
ENSG00000071967	80.4611086484049	-37.2305543242025	3	88.4611086484049
ENSG00000127080	22.4898432089705	-8.24492160448524	3	30.4898432089705
ENSG00000095713	16.1064383415166	-5.05321917075832	3	24.1064383415166
ENSG00000166398	43.7761882868389	-18.8880941434194	3	51.7761882868389
ENSG00000131944	41.5205962904495	-17.7602981452247	3	49.5205962904495
ENSG00000105339	50.6251218497396	-22.3125609248698	3	58.6251218497396
ENSG00000166396	30.549355688107	-12.2746778440535	3	38.549355688107
ENSG00000131943	77.8891121160591	-35.9445560580295	3	85.8891121160591
ENSG00000106733	52.9168841246098	-23.4584420623049	3	60.9168841246098
ENSG00000152795	71.2011073670439	-32.6005536835219	3	79.2011073670439
ENSG00000136997	51.1321512280864	-22.5660756140432	3	59.1321512280864
ENSG00000132361	41.9447179907682	-17.9723589953841	3	49.9447179907682
ENSG00000273899	36.8250706011537	-15.4125353005768	3	44.8250706011537
ENSG00000015592	20.2255377344413	-7.11276886722064	3	28.2255377344413
ENSG00000136999	53.7371777037657	-23.8685888518828	3	61.7371777037657
ENSG00000138434	55.2366924025543	-24.6183462012772	3	63.2366924025543
ENSG00000138738	40.4779569312769	-17.2389784656384	3	48.4779569312769
ENSG00000128645	-4.00776769809713	5.00388384904856	3	3.99223230190287
ENSG00000182220	46.343004345041	-20.1715021725205	3	54.343004345041
ENSG00000166171	49.8816158330255	-21.9408079165127	3	57.8816158330255
ENSG00000244045	41.4886691817002	-17.7443345908501	3	49.4886691817002
ENSG00000166173	62.8749443935318	-28.4374721967659	3	70.8749443935318
ENSG00000136197	30.3785227852458	-12.1892613926229	3	38.3785227852458
ENSG00000136193	43.980188804735	-18.9900944023675	3	51.980188804735
ENSG00000171862	71.811539604154	-32.905769802077	3	79.811539604154
ENSG00000164823	44.0428877906474	-19.0214438953237	3	52.0428877906474
ENSG00000164825	118.992908735316	-56.4964543676579	3	126.992908735316
ENSG00000164828	58.5161071303135	-26.2580535651568	3	66.5161071303135
ENSG00000091127	47.9655514808679	-20.982775740434	3	55.9655514808679
ENSG00000091651	36.2570462219944	-15.1285231109972	3	44.2570462219944
ENSG00000049130	70.5709326359162	-32.2854663179581	3	78.5709326359162
ENSG00000186687	61.4421539529069	-27.7210769764534	3	69.4421539529069
ENSG00000077514	35.0639296548316	-14.5319648274158	3	43.0639296548316
ENSG00000119471	60.6191800315443	-27.3095900157721	3	68.6191800315443
ENSG00000116212	37.8809367097731	-15.9404683548866	3	45.8809367097731
ENSG00000116218	23.6687439548549	-8.83437197742745	3	31.6687439548549
ENSG00000130595	75.4389067412037	-34.7194533706018	3	83.4389067412037
ENSG00000176720	72.9575487970343	-33.4787743985172	3	80.9575487970343
ENSG00000137876	71.1208605362808	-32.5604302681404	3	79.1208605362808
ENSG00000107020	51.9388838738235	-22.9694419369117	3	59.9388838738235
ENSG00000129682	32.6225968515426	-13.3112984257713	3	40.6225968515426
ENSG00000129680	66.6023636863902	-30.3011818431951	3	74.6023636863902
ENSG00000160949	12.9898059362458	-3.49490296812292	3	20.9898059362458
ENSG00000173557	-23.1909398740599	14.59546993703	3	-15.1909398740599
ENSG00000185798	33.5956732097496	-13.7978366048748	3	41.5956732097496
ENSG00000121104	36.0461931617842	-15.0230965808921	3	44.0461931617842
ENSG00000121101	28.9597615783396	-11.4798807891698	3	36.9597615783396
ENSG00000196700	34.8868946267816	-14.4434473133908	3	42.8868946267816
ENSG00000154328	50.7235630924812	-22.3617815462406	3	58.7235630924812
ENSG00000154639	52.0375112750403	-23.0187556375201	3	60.0375112750403
ENSG00000197070	44.4027392601078	-19.2013696300539	3	52.4027392601078
ENSG00000231213	12.7437069711634	-3.37185348558171	3	20.7437069711634
ENSG00000175305	26.2662936358861	-10.1331468179431	3	34.2662936358861
ENSG00000130734	26.8040751679756	-10.4020375839878	3	34.8040751679756
ENSG00000120278	38.2247298790528	-16.1123649395264	3	46.2247298790528
ENSG00000120279	52.0214061220155	-23.0107030610077	3	60.0214061220155
ENSG00000173673	-0.115874389674484	3.05793719483724	3	7.88412561032552
ENSG00000130045	11.0672384351381	-2.53361921756907	3	19.0672384351381
ENSG00000126822	44.4809880530095	-19.2404940265047	3	52.4809880530095
ENSG00000126821	46.3854154598219	-20.192707729911	3	54.3854154598219
ENSG00000127074	27.0652009180069	-10.5326004590035	3	35.0652009180069
ENSG00000145936	48.3416787411391	-21.1708393705696	3	56.3416787411391
ENSG00000185246	53.8357207547204	-23.9178603773602	3	61.8357207547204
ENSG00000145423	45.9748258046424	-19.9874129023212	3	53.9748258046424
ENSG00000090520	53.8244145442164	-23.9122072721082	3	61.8244145442164
ENSG00000186994	37.9691170813074	-15.9845585406537	3	45.9691170813074
ENSG00000203805	26.5801379736229	-10.2900689868114	3	34.5801379736229
ENSG00000089692	0.676569097223181	2.66171545138841	3	8.67656909722318
ENSG00000089693	62.6283517275792	-28.3141758637896	3	70.6283517275792
ENSG00000110917	54.3211636301176	-24.1605818150588	3	62.3211636301176
ENSG00000072121	40.2189917390412	-17.1094958695206	3	48.2189917390412
ENSG00000196932	15.0405157608016	-4.52025788040078	3	23.0405157608016
ENSG00000197614	84.6656777217655	-39.3328388608828	3	92.6656777217655
ENSG00000079112	23.5352952009424	-8.7676476004712	3	31.5352952009424
ENSG00000121594	56.6838660992065	-25.3419330496033	3	64.6838660992065
ENSG00000180964	90.4269232394192	-42.2134616197096	3	98.4269232394192
ENSG00000185305	49.5615997910635	-21.7807998955317	3	57.5615997910635
ENSG00000113790	45.9539694273358	-19.9769847136679	3	53.9539694273358
ENSG00000185306	16.2516135229311	-5.12580676146553	3	24.2516135229311
ENSG00000117036	42.3139078571098	-18.1569539285549	3	50.3139078571098
ENSG00000158985	83.9833512278475	-38.9916756139238	3	91.9833512278475
ENSG00000113068	79.2669129142704	-36.6334564571352	3	87.2669129142704
ENSG00000160256	50.8941919269109	-22.4470959634554	3	58.8941919269109
ENSG00000007968	18.8145639881812	-6.40728199409062	3	26.8145639881812
ENSG00000072694	51.6220256397426	-22.8110128198713	3	59.6220256397426
ENSG00000158458	12.0251614064429	-3.01258070322146	3	20.0251614064429
ENSG00000151665	45.1986154040349	-19.5993077020174	3	53.1986154040349
ENSG00000188352	44.0961163941175	-19.0480581970587	3	52.0961163941175
ENSG00000269858	47.3614444818594	-20.6807222409297	3	55.3614444818594
ENSG00000184811	87.649612046892	-40.824806023446	3	95.649612046892
ENSG00000134321	43.850925142611	-18.9254625713055	3	51.850925142611
ENSG00000178149	23.4836845509834	-8.74184227549172	3	31.4836845509834
ENSG00000134452	43.554126493965	-18.7770632469825	3	51.554126493965
ENSG00000143493	28.8338889904153	-11.4169444952076	3	36.8338889904153
ENSG00000171159	125.951919394978	-59.9759596974892	3	133.951919394978
ENSG00000143147	18.3783718500392	-6.18918592501961	3	26.3783718500392
ENSG00000143149	73.9850248756125	-33.9925124378062	3	81.9850248756125
ENSG00000134748	46.6052537266082	-20.3026268633041	3	54.6052537266082
ENSG00000018610	43.2487393002285	-18.6243696501142	3	51.2487393002285
ENSG00000143498	32.6824359636684	-13.3412179818342	3	40.6824359636684
ENSG00000176438	55.8269448298564	-24.9134724149282	3	63.8269448298564
ENSG00000176435	50.0397298903087	-22.0198649451543	3	58.0397298903087
ENSG00000123992	50.5938648249797	-22.2969324124899	3	58.5938648249797
ENSG00000136003	78.2633889202045	-36.1316944601022	3	86.2633889202045
ENSG00000184302	-19.0279620315844	12.5139810157922	3	-11.0279620315844
ENSG00000204410	29.3116238595684	-11.6558119297842	3	37.3116238595684
ENSG00000184307	20.9464199155961	-7.47320995779805	3	28.9464199155961
ENSG00000184305	62.4840148133329	-28.2420074066664	3	70.4840148133329
ENSG00000168077	52.0619160436373	-23.0309580218186	3	60.0619160436373
ENSG00000143727	82.8631293573216	-38.4315646786608	3	90.8631293573216
ENSG00000168070	30.6710264955728	-12.3355132477864	3	38.6710264955728
ENSG00000076826	27.761934660835	-10.8809673304175	3	35.761934660835
ENSG00000166135	42.2945698944393	-18.1472849472197	3	50.2945698944393
ENSG00000189306	31.4920700012649	-12.7460350006324	3	39.4920700012649
ENSG00000189308	44.139698673816	-19.069849336908	3	52.139698673816
ENSG00000111790	64.3453304188215	-29.1726652094108	3	72.3453304188215
ENSG00000185873	0.76854329245959	2.6157283537702	3	8.76854329245959
ENSG00000185875	43.2726937439709	-18.6363468719854	3	51.2726937439709
ENSG00000115935	49.2760111911708	-21.6380055955854	3	57.2760111911708
ENSG00000178538	52.3866653782352	-23.1933326891176	3	60.3866653782352
ENSG00000178537	60.9550971437004	-27.4775485718502	3	68.9550971437004
ENSG00000178531	35.2380204395894	-14.6190102197947	3	43.2380204395894
ENSG00000163938	53.4169560047086	-23.7084780023543	3	61.4169560047086
ENSG00000163939	55.1699546333356	-24.5849773166678	3	63.1699546333356
ENSG00000163933	33.2717666419784	-13.6358833209892	3	41.2717666419784
ENSG00000168256	36.0074125736849	-15.0037062868425	3	44.0074125736849
ENSG00000105835	67.5786439944119	-30.7893219972059	3	75.5786439944119
ENSG00000105520	17.7512563078228	-5.87562815391138	3	25.7512563078228
ENSG00000105523	14.0061465772023	-4.00307328860116	3	22.0061465772023
ENSG00000109805	9.99676866359638	-1.99838433179819	3	17.9967686635964
ENSG00000108176	43.2807730930875	-18.6403865465438	3	51.2807730930875
ENSG00000136295	32.3344895034056	-13.1672447517028	3	40.3344895034056
ENSG00000215474	-32.3778190270079	19.188909513504	3	-24.3778190270079
ENSG00000119669	28.9025433330032	-11.4512716665016	3	36.9025433330032
ENSG00000119661	48.6351070743916	-21.3175535371958	3	56.6351070743916
ENSG00000015475	60.355087565929	-27.1775437829645	3	68.355087565929
ENSG00000240694	13.4169225413501	-3.70846127067506	3	21.4169225413501
ENSG00000237651	43.3538861381666	-18.6769430690833	3	51.3538861381666
ENSG00000266524	26.4232620382447	-10.2116310191223	3	34.4232620382447
ENSG00000141428	53.2443921751104	-23.6221960875552	3	61.2443921751104
ENSG00000183092	2.19794862031159	1.9010256898442	3	10.1979486203116
ENSG00000205838	28.7784668865133	-11.3892334432566	3	36.7784668865133
ENSG00000071575	33.171715073326	-13.585857536663	3	41.171715073326
ENSG00000141424	46.5288510326337	-20.2644255163168	3	54.5288510326337
ENSG00000141425	50.8191498149429	-22.4095749074715	3	58.8191498149429
ENSG00000162739	23.2061443995699	-8.60307219978494	3	31.2061443995699
ENSG00000147649	55.716192456135	-24.8580962280675	3	63.716192456135
ENSG00000147138	18.2159791335162	-6.10798956675812	3	26.2159791335162
ENSG00000105784	31.912562853639	-12.9562814268195	3	39.912562853639
ENSG00000123609	60.6432285406499	-27.3216142703249	3	68.6432285406499
ENSG00000162885	52.729847905772	-23.364923952886	3	60.729847905772
ENSG00000187658	18.6364135020869	-6.31820675104343	3	26.6364135020869
ENSG00000162736	50.6901273417024	-22.3450636708512	3	58.6901273417024
ENSG00000162882	21.0301115357353	-7.51505576786763	3	29.0301115357353
ENSG00000132004	31.355880582909	-12.6779402914545	3	39.355880582909
ENSG00000165702	-10.6067776295299	8.30338881476493	3	-2.60677762952986
ENSG00000149201	25.4421793712229	-9.72108968561146	3	33.4421793712229
ENSG00000169856	-2.2372287977693	4.11861439888465	3	5.7627712022307
ENSG00000115966	53.9679812311323	-23.9839906155662	3	61.9679812311323
ENSG00000167969	70.8734011344167	-32.4367005672083	3	78.8734011344167
ENSG00000167968	16.964204510342	-5.48210225517101	3	24.964204510342
ENSG00000115963	63.7766835948293	-28.8883417974146	3	71.7766835948293
ENSG00000101200	-2.48648748061279	4.24324374030639	3	5.51351251938721
ENSG00000167964	3.01187068657363	1.49406465671319	3	11.0118706865736
ENSG00000167967	33.0409602630208	-13.5204801315104	3	41.0409602630208
ENSG00000183323	64.1342316141199	-29.0671158070599	3	72.1342316141199
ENSG00000141391	29.9544100395154	-11.9772050197577	3	37.9544100395154
ENSG00000113838	32.7336446143356	-13.3668223071678	3	40.7336446143356
ENSG00000179950	47.9827905934037	-20.9913952967018	3	55.9827905934037
ENSG00000109771	34.5089770676547	-14.2544885338274	3	42.5089770676547
ENSG00000180353	52.7488558096868	-23.3744279048434	3	60.7488558096868
ENSG00000029639	40.5602640269219	-17.2801320134609	3	48.5602640269219
ENSG00000257218	61.3830004367369	-27.6915002183684	3	69.3830004367369
ENSG00000165832	31.4794543800676	-12.7397271900338	3	39.4794543800676
ENSG00000080819	39.1237381904133	-16.5618690952066	3	47.1237381904133
ENSG00000099364	16.3077982428135	-5.15389912140674	3	24.3077982428135
ENSG00000125835	57.3113925347964	-25.6556962673982	3	65.3113925347964
ENSG00000125834	19.5516303870152	-6.77581519350759	3	27.5516303870152
ENSG00000125831	-20.1106634059871	13.0553317029935	3	-12.1106634059871
ENSG00000138386	56.6000190615332	-25.3000095307666	3	64.6000190615332
ENSG00000138380	37.4109761640517	-15.7054880820258	3	45.4109761640517
ENSG00000138382	59.3886262005041	-26.694313100252	3	67.3886262005041
ENSG00000014257	32.7349049571051	-13.3674524785526	3	40.7349049571051
ENSG00000205336	43.6204615206625	-18.8102307603312	3	51.6204615206625
ENSG00000070731	64.2721251630342	-29.1360625815171	3	72.2721251630342
ENSG00000152583	88.5355813472629	-41.2677906736314	3	96.5355813472629
ENSG00000152582	9.53422677971856	-1.76711338985928	3	17.5342267797186
ENSG00000153989	33.1808844134238	-13.5904422067119	3	41.1808844134238
ENSG00000119888	63.1086676957386	-28.5543338478693	3	71.1086676957386
ENSG00000137656	26.7265543554978	-10.3632771777489	3	34.7265543554978
ENSG00000028203	53.9849676793911	-23.9924838396955	3	61.9849676793911
ENSG00000189091	50.9309232032522	-22.4654616016261	3	58.9309232032522
ENSG00000060749	42.9692189368356	-18.4846094684178	3	50.9692189368356
ENSG00000198853	40.2703434342472	-17.1351717171236	3	48.2703434342472
ENSG00000198851	32.3701120261141	-13.1850560130571	3	40.3701120261141
ENSG00000100554	65.603087386646	-29.801543693323	3	73.603087386646
ENSG00000198856	68.4084291301814	-31.2042145650907	3	76.4084291301814
ENSG00000198855	13.1776108723611	-3.58880543618055	3	21.1776108723611
ENSG00000198854	24.3161546437103	-9.15807732185513	3	32.3161546437103
ENSG00000008118	-2.43551982813402	4.21775991406701	3	5.56448017186598
ENSG00000182050	-0.612042255842501	3.30602112792125	3	7.3879577441575
ENSG00000100558	21.2484610406596	-7.62423052032979	3	29.2484610406596
ENSG00000130921	44.5951336457045	-19.2975668228523	3	52.5951336457045
ENSG00000157538	45.02429425452	-19.51214712726	3	53.02429425452
ENSG00000143643	45.6155555256308	-19.8077777628154	3	53.6155555256308
ENSG00000122643	55.5036534366618	-24.7518267183309	3	63.5036534366618
ENSG00000122641	11.6678942712431	-2.83394713562157	3	19.6678942712431
ENSG00000173113	73.8154810900401	-33.9077405450201	3	81.8154810900401
ENSG00000122644	64.1395634505026	-29.0697817252513	3	72.1395634505026
ENSG00000125347	52.1049596772891	-23.0524798386445	3	60.1049596772891
ENSG00000170142	58.5151723285227	-26.2575861642613	3	66.5151723285227
ENSG00000164615	45.5840117469961	-19.7920058734981	3	53.5840117469961
ENSG00000197982	83.4760942820595	-38.7380471410297	3	91.4760942820595
ENSG00000164610	73.1237955546039	-33.5618977773019	3	81.1237955546039
ENSG00000198931	70.1635946713398	-32.0817973356699	3	78.1635946713398
ENSG00000140506	-15.2779479695253	10.6389739847627	3	-7.27794796952534
ENSG00000198937	90.5191275797597	-42.2595637898798	3	98.5191275797597
ENSG00000171812	53.8838341973621	-23.941917098681	3	61.8838341973621
ENSG00000168811	4.28896229559097	0.855518852204516	3	12.288962295591
ENSG00000120647	26.2508306508352	-10.1254153254176	3	34.2508306508352
ENSG00000168813	37.653089362652	-15.826544681326	3	45.653089362652
ENSG00000168818	43.8855915379229	-18.9427957689614	3	51.8855915379229
ENSG00000171819	46.4470828908657	-20.2235414454328	3	54.4470828908657
ENSG00000197448	63.9401461200308	-28.9700730600154	3	71.9401461200308
ENSG00000117625	46.5098671751162	-20.2549335875581	3	54.5098671751162
ENSG00000117620	39.5646109631599	-16.7823054815799	3	47.5646109631599
ENSG00000125691	115.553684451899	-54.7768422259494	3	123.553684451899
ENSG00000110074	38.0498350052381	-16.0249175026191	3	46.0498350052381
ENSG00000134352	81.8769798297648	-37.9384899148824	3	89.8769798297648
ENSG00000143553	77.316225930942	-35.658112965471	3	85.316225930942
ENSG00000269190	37.7654801989349	-15.8827400994675	3	45.7654801989349
ENSG00000182447	-31.0143168874404	18.5071584437202	3	-23.0143168874404
ENSG00000182446	53.1854662824841	-23.5927331412421	3	61.1854662824841
ENSG00000116539	54.9863405253481	-24.493170262674	3	62.9863405253481
ENSG00000049245	85.8918388710009	-39.9459194355004	3	93.8918388710009
ENSG00000139163	50.6527838322719	-22.3263919161359	3	58.6527838322719
ENSG00000139160	42.076777000548	-18.038388500274	3	50.076777000548
ENSG00000156990	43.384403919592	-18.692201959796	3	51.384403919592
ENSG00000161395	20.4148488461411	-7.20742442307053	3	28.4148488461411
ENSG00000049249	22.3725109788782	-8.18625548943912	3	30.3725109788782
ENSG00000139330	55.1341741156429	-24.5670870578215	3	63.1341741156429
ENSG00000107521	74.3510096568412	-34.1755048284206	3	82.3510096568412
ENSG00000099901	72.007275724922	-33.003637862461	3	80.007275724922
ENSG00000053254	64.3658522658108	-29.1829261329054	3	72.3658522658108
ENSG00000156587	56.7289440240494	-25.3644720120247	3	64.7289440240494
ENSG00000102158	58.6710342094134	-26.3355171047067	3	66.6710342094134
ENSG00000106128	-0.0203864723028682	3.01019323615143	3	7.97961352769713
ENSG00000204889	-1.89291769689797	3.94645884844898	3	6.10708230310203
ENSG00000155970	48.7118936301749	-21.3559468150875	3	56.7118936301749
ENSG00000155975	54.7373572197073	-24.3686786098536	3	62.7373572197073
ENSG00000170265	31.2384291210974	-12.6192145605487	3	39.2384291210974
ENSG00000144857	39.5583682586651	-16.7791841293326	3	47.5583682586651
ENSG00000065911	60.689188205586	-27.344594102793	3	68.689188205586
ENSG00000177917	44.6345898132361	-19.3172949066181	3	52.6345898132361
ENSG00000018408	60.2084026264613	-27.1042013132306	3	68.2084026264613
ENSG00000167397	75.4852622276785	-34.7426311138393	3	83.4852622276785
ENSG00000198208	24.0235901194464	-9.01179505972322	3	32.0235901194464
ENSG00000092978	34.6400240433363	-14.3200120216681	3	42.6400240433363
ENSG00000111305	23.5895232897203	-8.79476164486016	3	31.5895232897203
ENSG00000111300	39.3535550814797	-16.6767775407398	3	47.3535550814797
ENSG00000139572	-20.7224245777812	13.3612122888906	3	-12.7224245777812
ENSG00000079257	56.4787181614466	-25.2393590807233	3	64.4787181614466
ENSG00000139579	52.6270174188834	-23.3135087094417	3	60.6270174188834
ENSG00000131381	41.6609379244053	-17.8304689622026	3	49.6609379244053
ENSG00000131386	68.158941063886	-31.079470531943	3	76.158941063886
ENSG00000135404	101.108822327364	-47.5544111636818	3	109.108822327364
ENSG00000135409	5.26843209925272	0.36578395037364	3	13.2684320992527
ENSG00000169064	-10.1783487416202	8.08917437081008	3	-2.17834874162016
ENSG00000169062	49.1368664345775	-21.5684332172888	3	57.1368664345775
ENSG00000163631	78.3328605606138	-36.1664302803069	3	86.3328605606138
ENSG00000163630	4.16601142248356	0.91699428875822	3	12.1660114224836
ENSG00000183150	14.5159950812635	-4.25799754063176	3	22.5159950812635
ENSG00000163632	31.3896528086451	-12.6948264043225	3	39.3896528086451
ENSG00000163635	39.2423646092613	-16.6211823046307	3	47.2423646092613
ENSG00000163634	61.5106534963483	-27.7553267481742	3	69.5106534963483
ENSG00000189171	101.157114192674	-47.5785570963368	3	109.157114192674
ENSG00000177981	53.7698850531361	-23.8849425265681	3	61.7698850531361
ENSG00000167578	39.8099626414333	-16.9049813207166	3	47.8099626414333
ENSG00000109163	6.97339683673882	-0.486698418369409	3	14.9733968367388
ENSG00000095485	44.9983061849214	-19.4991530924607	3	52.9983061849214
ENSG00000075131	43.9387473522962	-18.9693736761481	3	51.9387473522962
ENSG00000138778	16.0585291131911	-5.02926455659553	3	24.0585291131911
ENSG00000118454	51.0055255140078	-22.5027627570039	3	59.0055255140078
ENSG00000107872	30.9001933417683	-12.4500966708842	3	38.9001933417683
ENSG00000152611	19.3448604274148	-6.67243021370739	3	27.3448604274148
ENSG00000036549	52.6532268049849	-23.3266134024924	3	60.6532268049849
ENSG00000156050	31.7984184443771	-12.8992092221885	3	39.798418444377
ENSG00000095739	37.1429413870613	-15.5714706935306	3	45.1429413870613
ENSG00000092108	56.4385455335075	-25.2192727667537	3	64.4385455335075
ENSG00000131966	59.169351342772	-26.584675671386	3	67.169351342772
ENSG00000070501	46.816820111456	-20.408410055728	3	54.816820111456
ENSG00000100802	30.3817127332389	-12.1908563666194	3	38.3817127332389
ENSG00000146729	63.3303749951904	-28.6651874975952	3	71.3303749951905
ENSG00000078070	49.515168590431	-21.7575842952155	3	57.515168590431
ENSG00000152779	22.8420419068142	-8.4210209534071	3	30.8420419068142
ENSG00000243943	43.8447925308412	-18.9223962654206	3	51.8447925308412
ENSG00000184517	28.9126032461118	-11.4563016230559	3	36.9126032461118
ENSG00000178498	39.5374818509007	-16.7687409254503	3	47.5374818509007
ENSG00000181744	37.2076091734076	-15.6038045867038	3	45.2076091734076
ENSG00000128789	46.59194073662	-20.29597036831	3	54.59194073662
ENSG00000127863	22.2040656204276	-8.10203281021379	3	30.2040656204276
ENSG00000142864	73.5145624445695	-33.7572812222848	3	81.5145624445695
ENSG00000142867	49.6743661287911	-21.8371830643956	3	57.6743661287911
ENSG00000144476	64.4063486111702	-29.2031743055851	3	72.4063486111702
ENSG00000166111	8.06693929888626	-1.03346964944313	3	16.0669392988863
ENSG00000166118	14.4097569164814	-4.20487845824069	3	22.4097569164814
ENSG00000114790	18.3611794412323	-6.18058972061616	3	26.3611794412323
ENSG00000122122	33.0754445456126	-13.5377222728063	3	41.0754445456126
ENSG00000186910	3.73947856652018	1.13026071673991	3	11.7394785665202
ENSG00000173320	21.7958624640677	-7.89793123203384	3	29.7958624640677
ENSG00000122121	48.0439609801524	-21.0219804900762	3	56.0439609801524
ENSG00000185414	55.9705473033609	-24.9852736516804	3	63.9705473033609
ENSG00000186918	40.3686544884669	-17.1843272442335	3	48.3686544884669
ENSG00000099341	61.3233355945271	-27.6616677972635	3	69.3233355945271
ENSG00000260456	49.6193485203345	-21.8096742601672	3	57.6193485203345
ENSG00000023287	55.26697464886	-24.63348732443	3	63.26697464886
ENSG00000112796	52.6490948861587	-23.3245474430794	3	60.6490948861587
ENSG00000141034	43.1103621833839	-18.5551810916919	3	51.1103621833839
ENSG00000172456	49.9934309629336	-21.9967154814668	3	57.9934309629336
ENSG00000172986	41.6910858240021	-17.8455429120011	3	49.6910858240021
ENSG00000172458	57.6838606395019	-25.841930319751	3	65.6838606395019
ENSG00000112029	19.5450413091967	-6.77252065459836	3	27.5450413091967
ENSG00000130559	42.4268300017576	-18.2134150008788	3	50.4268300017576
ENSG00000108349	40.1623557058538	-17.0811778529269	3	48.1623557058538
ENSG00000108439	40.8671621193927	-17.4335810596963	3	48.8671621193927
ENSG00000108342	11.1154408014644	-2.55772040073221	3	19.1154408014644
ENSG00000108344	53.7419843050075	-23.8709921525038	3	61.7419843050075
ENSG00000108433	50.0740349606825	-22.0370174803413	3	58.0740349606825
ENSG00000151876	34.8037474415913	-14.4018737207957	3	42.8037474415913
ENSG00000080371	60.1196045927998	-27.0598022963999	3	68.1196045927998
ENSG00000145075	18.8795415875614	-6.43977079378069	3	26.8795415875614
ENSG00000275700	42.5864254755423	-18.2932127377711	3	50.5864254755423
ENSG00000129521	47.3173169606274	-20.6586584803137	3	55.3173169606274
ENSG00000177000	38.8423663613392	-16.4211831806696	3	46.8423663613392
ENSG00000119414	46.4074424648004	-20.2037212324002	3	54.4074424648004
ENSG00000158042	63.1418083217087	-28.5709041608544	3	71.1418083217087
ENSG00000100078	-4.35094844127233	5.17547422063616	3	3.64905155872767
ENSG00000004142	58.0285054029061	-26.0142527014531	3	66.0285054029061
ENSG00000112242	32.4294000107881	-13.2147000053941	3	40.4294000107881
ENSG00000104442	49.1173824881318	-21.5586912440659	3	57.1173824881318
ENSG00000104447	64.602560483008	-29.301280241504	3	72.602560483008
ENSG00000159648	-15.031540606022	10.515770303011	3	-7.03154060602197
ENSG00000122786	84.9969508397299	-39.498475419865	3	92.9969508397299
ENSG00000173585	11.2638645945238	-2.6319322972619	3	19.2638645945238
ENSG00000136718	45.4360042096192	-19.7180021048096	3	53.4360042096192
ENSG00000122783	56.6356519391706	-25.3178259695853	3	64.6356519391706
ENSG00000100567	74.8818972482552	-34.4409486241276	3	82.8818972482552
ENSG00000136715	31.0217887849377	-12.5108943924689	3	39.0217887849377
ENSG00000136710	56.6589784641527	-25.3294892320763	3	64.6589784641527
ENSG00000100564	42.5805697292875	-18.2902848646437	3	50.5805697292875
ENSG00000173588	44.8518164967816	-19.4259082483908	3	52.8518164967816
ENSG00000059378	37.1209722068472	-15.5604861034236	3	45.1209722068472
ENSG00000101019	56.0546647925653	-25.0273323962826	3	64.0546647925653
ENSG00000165138	23.7875195574046	-8.89375977870231	3	31.7875195574046
ENSG00000101017	32.0034224638888	-13.0017112319444	3	40.0034224638888
ENSG00000154611	26.099908512203	-10.0499542561015	3	34.099908512203
ENSG00000059377	41.5514518923292	-17.7757259461646	3	49.5514518923292
ENSG00000030304	1.50591702379004	2.24704148810498	3	9.50591702379004
ENSG00000010361	29.5913280820717	-11.7956640410358	3	37.5913280820717
ENSG00000100150	34.7073507751795	-14.3536753875898	3	42.7073507751795
ENSG00000164841	7.36880397019775	-0.684401985098875	3	15.3688039701977
ENSG00000197580	69.0276692052495	-31.5138346026247	3	77.0276692052495
ENSG00000130717	57.4788483998788	-25.7394241999394	3	65.4788483998788
ENSG00000130714	40.4782549710074	-17.2391274855037	3	48.4782549710074
ENSG00000001460	23.9574291989224	-8.9787145994612	3	31.9574291989224
ENSG00000171634	50.5767500119063	-22.2883750059531	3	58.5767500119063
ENSG00000197586	43.2932765948343	-18.6466382974172	3	51.2932765948343
ENSG00000197587	16.5517454305299	-5.27587271526493	3	24.5517454305299
ENSG00000186007	25.2108460302619	-9.60542301513096	3	33.2108460302619
ENSG00000126804	50.4570467779368	-22.2285233889684	3	58.4570467779368
ENSG00000161609	-8.14271890698441	7.0713594534922	3	-0.142718906984406
ENSG00000186001	41.9246272426426	-17.9623136213213	3	49.9246272426426
ENSG00000122870	39.8659035438175	-16.9329517719088	3	47.8659035438175
ENSG00000122873	82.4637659161089	-38.2318829580544	3	90.4637659161089
ENSG00000103942	26.9648307579348	-10.4824153789674	3	34.9648307579348
ENSG00000113269	74.8153920382902	-34.4076960191451	3	82.8153920382902
ENSG00000185261	18.4406381398018	-6.22031906990088	3	26.4406381398018
ENSG00000089195	33.7599407656907	-13.8799703828453	3	41.7599407656907
ENSG00000185264	35.1748905974436	-14.5874452987218	3	43.1748905974436
ENSG00000196189	40.3054599757094	-17.1527299878547	3	48.3054599757094
ENSG00000183631	50.9398290259337	-22.4699145129668	3	58.9398290259337
ENSG00000170802	47.7612919769029	-20.8806459884514	3	55.7612919769029
ENSG00000196182	49.3006883795833	-21.6503441897917	3	57.3006883795833
ENSG00000183638	-21.9244955422327	13.9622477711164	3	-13.9244955422327
ENSG00000250305	43.3579053584792	-18.6789526792396	3	51.3579053584792
ENSG00000142544	26.1477196606362	-10.0738598303181	3	34.1477196606362
ENSG00000082996	66.353915777828	-30.176957888914	3	74.353915777828
ENSG00000113048	48.9681865529618	-21.4840932764809	3	56.9681865529618
ENSG00000117016	33.984024894406	-13.992012447203	3	41.984024894406
ENSG00000117543	46.4578328783505	-20.2289164391752	3	54.4578328783505
ENSG00000140299	63.1498035253031	-28.5749017626516	3	71.1498035253031
ENSG00000068400	43.050563069829	-18.5252815349145	3	51.050563069829
ENSG00000140297	5.04077477816949	0.479612610915253	3	13.0407747781695
ENSG00000164266	42.4785358951727	-18.2392679475863	3	50.4785358951727
ENSG00000164265	24.3432973567622	-9.17164867838108	3	32.3432973567622
ENSG00000100949	31.1903182350364	-12.5951591175182	3	39.1903182350364
ENSG00000104998	29.2112469538911	-11.6056234769456	3	37.2112469538911
ENSG00000120256	46.5295730304397	-20.2647865152199	3	54.5295730304397
ENSG00000150510	28.484819101789	-11.2424095508945	3	36.484819101789
ENSG00000100767	30.5754677005314	-12.2877338502657	3	38.5754677005314
ENSG00000104221	34.6055993279541	-14.302799663977	3	42.6055993279541
ENSG00000120253	31.0557997664455	-12.5278998832228	3	39.0557997664455
ENSG00000103415	65.5272872938632	-29.7636436469316	3	73.5272872938632
ENSG00000153789	4.28689319638633	0.856553401806834	3	12.2868931963863
ENSG00000171016	40.1236363002293	-17.0618181501146	3	48.1236363002293
ENSG00000176635	0.13062478551361	2.9346876072432	3	8.13062478551361
ENSG00000174038	16.400624387221	-5.20031219361052	3	24.400624387221
ENSG00000170775	6.31301784258936	-0.156508921294678	3	14.3130178425894
ENSG00000170777	-24.6665714892207	15.3332857446103	3	-16.6665714892207
ENSG00000156261	62.6543579157303	-28.3271789578651	3	70.6543579157303
ENSG00000106591	60.2350347034977	-27.1175173517489	3	68.2350347034977
ENSG00000203685	56.1192842274165	-25.0596421137083	3	64.1192842274165
ENSG00000156265	33.1729604780543	-13.5864802390271	3	41.1729604780543
ENSG00000198056	40.137806503247	-17.0689032516235	3	48.137806503247
ENSG00000128203	7.5752664978483	-0.787633248924147	3	15.5752664978483
ENSG00000171174	29.6709693720249	-11.8354846860125	3	37.6709693720249
ENSG00000120438	71.1624941495721	-32.581247074786	3	79.1624941495721
ENSG00000182585	19.5204687081297	-6.76023435406483	3	27.5204687081297
ENSG00000204161	46.9285636029756	-20.4642818014878	3	54.9285636029756
ENSG00000182853	21.7279715494351	-7.86398577471753	3	29.7279715494351
ENSG00000182858	32.71529020657	-13.357645103285	3	40.71529020657
ENSG00000123200	36.4351794197909	-15.2175897098955	3	44.4351794197909
ENSG00000169499	55.7730863031118	-24.8865431515559	3	63.7730863031118
ENSG00000176182	10.8142098486408	-2.40710492432038	3	18.8142098486408
ENSG00000140835	7.93246340764516	-0.966231703822579	3	15.9324634076452
ENSG00000140830	71.5071696428524	-32.7535848214262	3	79.5071696428524
ENSG00000169490	52.0563927305906	-23.0281963652953	3	60.0563927305906
ENSG00000204438	48.9363103129744	-21.4681551564872	3	56.9363103129744
ENSG00000110243	-4.98265661286306	5.49132830643153	3	3.01734338713694
ENSG00000110536	68.0749518777755	-31.0374759388878	3	76.0749518777755
ENSG00000181031	34.6066391990894	-14.3033195995447	3	42.6066391990894
ENSG00000110244	14.7891084840456	-4.39455424202281	3	22.7891084840456
ENSG00000110245	47.5618023603494	-20.7809011801747	3	55.5618023603494
ENSG00000167769	16.5492834853835	-5.27464174269174	3	24.5492834853835
ENSG00000069206	23.4757790166409	-8.73788950832045	3	31.4757790166409
ENSG00000168010	26.2778331530356	-10.1389165765178	3	34.2778331530356
ENSG00000189362	38.7187227046923	-16.3593613523462	3	46.7187227046923
ENSG00000189367	54.6959578620796	-24.3479789310398	3	62.6959578620796
ENSG00000102886	24.7842233666491	-9.39211168332455	3	32.7842233666491
ENSG00000082196	37.5972949761143	-15.7986474880572	3	45.5972949761143
ENSG00000088298	52.8633090938477	-23.4316545469238	3	60.8633090938477
ENSG00000114547	-0.768507151070846	3.38425357553542	3	7.23149284892915
ENSG00000114098	50.8422489092197	-22.4211244546098	3	58.8422489092197
ENSG00000168542	118.895250493725	-56.4476252468624	3	126.895250493725
ENSG00000143001	68.4534801255293	-31.2267400627646	3	76.4534801255293
ENSG00000184182	68.4406946950716	-31.2203473475358	3	76.4406946950716
ENSG00000120925	42.4375741746899	-18.218787087345	3	50.4375741746899
ENSG00000144895	65.3896477237935	-29.6948238618967	3	73.3896477237935
ENSG00000105810	23.0475163979348	-8.5237581989674	3	31.0475163979348
ENSG00000131778	40.1977786674471	-17.0988893337236	3	48.1977786674471
ENSG00000131773	46.53358837413	-20.266794187065	3	54.53358837413
ENSG00000135093	43.8389900968748	-18.9194950484374	3	51.8389900968748
ENSG00000131771	78.0893562801626	-36.0446781400813	3	86.0893562801626
ENSG00000135097	13.6645679502685	-3.83228397513427	3	21.6645679502685
ENSG00000119929	47.0282057589001	-20.51410287945	3	55.0282057589001
ENSG00000136273	53.5359215187571	-23.7679607593786	3	61.5359215187571
ENSG00000136271	48.564217056508	-21.282108528254	3	56.564217056508
ENSG00000136270	46.1658756692611	-20.0829378346306	3	54.1658756692611
ENSG00000136279	55.2274423205119	-24.6137211602559	3	63.2274423205119
ENSG00000145244	-2.22362664256099	4.11181332128049	3	5.77637335743901
ENSG00000102452	18.5639685052003	-6.28198425260013	3	26.5639685052003
ENSG00000086991	39.1957296209736	-16.5978648104868	3	47.1957296209736
ENSG00000145241	51.690519373669	-22.8452596868345	3	59.690519373669
ENSG00000167186	44.6749923262572	-19.3374961631286	3	52.6749923262572
ENSG00000145248	-8.40040828249764	7.20020414124882	3	-0.40040828249764
ENSG00000167182	30.5035377948484	-12.2517688974242	3	38.5035377948484
ENSG00000148935	27.3009286099389	-10.6504643049695	3	35.3009286099389
ENSG00000133731	47.1628760022993	-20.5814380011497	3	55.1628760022993
ENSG00000205744	22.5303634137648	-8.26518170688242	3	30.5303634137648
ENSG00000133739	44.4036489149539	-19.2018244574769	3	52.4036489149539
ENSG00000187980	25.3492946291546	-9.67464731457731	3	33.3492946291546
ENSG00000162714	22.1037405261816	-8.05187026309078	3	30.1037405261816
ENSG00000062725	48.967914988875	-21.4839574944375	3	56.967914988875
ENSG00000147113	49.9565559079769	-21.9782779539885	3	57.9565559079769
ENSG00000135898	-17.7320509236641	11.8660254618321	3	-9.7320509236641
ENSG00000135899	51.7415429098054	-22.8707714549027	3	59.7415429098054
ENSG00000162869	35.6325137867425	-14.8162568933712	3	43.6325137867425
ENSG00000165724	67.463042248246	-30.731521124123	3	75.463042248246
ENSG00000146576	37.0434811456654	-15.5217405728327	3	45.0434811456654
ENSG00000186106	57.0695529978241	-25.5347764989121	3	65.0695529978241
ENSG00000115947	53.6857674824358	-23.8428837412179	3	61.6857674824358
ENSG00000115942	43.3307092615852	-18.6653546307926	3	51.3307092615852
ENSG00000101222	18.7070310730221	-6.35351553651105	3	26.7070310730221
ENSG00000167986	69.2430197574528	-31.6215098787264	3	77.2430197574528
ENSG00000167985	72.47249211053	-33.236246055265	3	80.47249211053
ENSG00000167984	9.17785243544491	-1.58892621772246	3	17.1778524354449
ENSG00000153347	5.43844583317158	0.28077708341421	3	13.4384458331716
ENSG00000167981	31.1884015033012	-12.5942007516506	3	39.1884015033012
ENSG00000069974	62.2905993599794	-28.1452996799897	3	70.2905993599794
ENSG00000154429	43.2737695526115	-18.6368847763058	3	51.2737695526115
ENSG00000084733	71.8129865476814	-32.9064932738407	3	79.8129865476814
ENSG00000127324	30.8523599792131	-12.4261799896066	3	38.8523599792131
ENSG00000038427	60.5146991277825	-27.2573495638912	3	68.5146991277825
ENSG00000127452	29.7236509248486	-11.8618254624243	3	37.7236509248486
ENSG00000187189	36.9949951867972	-15.4974975933986	3	44.9949951867972
ENSG00000127328	45.4333910317618	-19.7166955158809	3	53.4333910317618
ENSG00000118849	90.6535257390195	-42.3267628695097	3	98.6535257390195
ENSG00000074410	41.1928390400384	-17.5964195200192	3	49.1928390400384
ENSG00000074416	83.2433402264436	-38.6216701132218	3	91.2433402264436
ENSG00000020256	23.4332753242287	-8.71663766211433	3	31.4332753242287
ENSG00000080293	4.50300063931615	0.748499680341926	3	12.5030006393161
ENSG00000077147	63.1748207266073	-28.5874103633037	3	71.1748207266073
ENSG00000077498	5.60132661873621	0.199336690631894	3	13.6013266187362
ENSG00000092098	34.820773414211	-14.4103867071055	3	42.820773414211
ENSG00000214285	-2.49801741763245	4.24900870881623	3	5.50198258236755
ENSG00000138363	49.8094190485425	-21.9047095242712	3	57.8094190485425
ENSG00000133193	59.5559479080791	-26.7779739540395	3	67.5559479080791
ENSG00000047410	43.0871650618551	-18.5435825309276	3	51.0871650618551
ENSG00000205356	27.3819059039387	-10.6909529519693	3	35.3819059039387
ENSG00000112494	55.2189144330284	-24.6094572165142	3	63.2189144330284
ENSG00000144591	34.4633667376797	-14.2316833688398	3	42.4633667376797
ENSG00000105364	41.6329588806328	-17.8164794403164	3	49.6329588806328
ENSG00000144597	45.5445265174922	-19.7722632587461	3	53.5445265174922
ENSG00000166589	9.67161883244381	-1.8358094162219	3	17.6716188324438
ENSG00000267909	-23.8449095823015	14.9224547911507	3	-15.8449095823015
ENSG00000225830	28.1255925697014	-11.0627962848507	3	36.1255925697014
ENSG00000188981	2.48225145027826	1.75887427486087	3	10.4822514502783
ENSG00000166582	54.6140606755159	-24.307030337758	3	62.6140606755159
ENSG00000157734	12.4549427577261	-3.22747137886306	3	20.4549427577261
ENSG00000164451	10.5608949050528	-2.28044745252639	3	18.5608949050528
ENSG00000133997	51.8761704160159	-22.938085208008	3	59.8761704160159
ENSG00000148798	2.54355887396001	1.72822056302	3	10.54355887396
ENSG00000008130	70.8085606365489	-32.4042803182744	3	78.8085606365489
ENSG00000164458	-27.05212045634	16.52606022817	3	-19.05212045634
ENSG00000166634	12.5879859273886	-3.29399296369429	3	20.5879859273886
ENSG00000130948	2.99134496443403	1.50432751778298	3	10.991344964434
ENSG00000100575	85.4349842170938	-39.7174921085469	3	93.4349842170938
ENSG00000100577	77.8546080155386	-35.9273040077693	3	85.8546080155386
ENSG00000100578	26.4598146369172	-10.2299073184586	3	34.4598146369172
ENSG00000104059	-10.2284846445967	8.11424232229836	3	-2.22848464459672
ENSG00000157551	39.253262090797	-16.6266310453985	3	47.253262090797
ENSG00000157557	50.0994627036174	-22.0497313518087	3	58.0994627036174
ENSG00000157884	1.8884444620263	2.05577776898685	3	9.8884444620263
ENSG00000067533	57.2315688598843	-25.6157844299421	3	65.2315688598843
ENSG00000174446	63.3694286258571	-28.6847143129286	3	71.3694286258571
ENSG00000121644	45.961995182524	-19.980997591262	3	53.961995182524
ENSG00000170162	13.8097281551213	-3.90486407756063	3	21.8097281551212
ENSG00000196510	44.6361531681412	-19.3180765840706	3	52.6361531681412
ENSG00000196511	42.5533676917198	-18.2766838458599	3	50.5533676917198
ENSG00000170166	35.584463165975	-14.7922315829875	3	43.584463165975
ENSG00000164187	43.0858551148533	-18.5429275574267	3	51.0858551148533
ENSG00000257093	21.9574137917981	-7.97870689589906	3	29.9574137917981
ENSG00000164180	32.9765648990003	-13.4882824495002	3	40.9765648990003
ENSG00000164181	63.5213022126028	-28.7606511063014	3	71.5213022126028
ENSG00000198912	52.6992572714056	-23.3496286357028	3	60.6992572714056
ENSG00000164674	24.5294785303693	-9.26473926518467	3	32.5294785303693
ENSG00000164675	14.5360176898725	-4.26800884493626	3	22.5360176898725
ENSG00000198919	37.934261169372	-15.967130584686	3	45.934261169372
ENSG00000130363	34.80288838532	-14.40144419266	3	42.80288838532
ENSG00000005020	57.7378065897218	-25.8689032948609	3	65.7378065897218
ENSG00000061492	-10.5466765030033	8.27333825150164	3	-2.54667650300327
ENSG00000236699	27.6252418248705	-10.8126209124353	3	35.6252418248705
ENSG00000099960	18.6519692380953	-6.32598461904766	3	26.6519692380953
ENSG00000053900	47.8857440132644	-20.9428720066322	3	55.8857440132644
ENSG00000099968	64.1524094935657	-29.0762047467829	3	72.1524094935657
ENSG00000155959	65.7103790115204	-29.8551895057602	3	73.7103790115204
ENSG00000155957	79.5777683013972	-36.7888841506986	3	87.5777683013972
ENSG00000124091	30.5159342956813	-12.2579671478407	3	38.5159342956813
ENSG00000175536	71.5941019368455	-32.7970509684228	3	79.5941019368455
ENSG00000124098	80.3343307405585	-37.1671653702792	3	88.3343307405585
ENSG00000175538	67.5209199614956	-30.7604599807478	3	75.5209199614956
ENSG00000180537	10.6939387401352	-2.34696937006761	3	18.6939387401352
ENSG00000180530	50.5882536698673	-22.2941268349336	3	58.5882536698673
ENSG00000113456	40.2854705366967	-17.1427352683484	3	48.2854705366967
ENSG00000016864	52.2932348345845	-23.1466174172922	3	60.2932348345845
ENSG00000140623	5.85561405103373	0.0721929744831326	3	13.8556140510337
ENSG00000160606	33.8143747659698	-13.9071873829849	3	41.8143747659698
ENSG00000125149	38.7648911254998	-16.3824455627499	3	46.7648911254998
ENSG00000064042	71.3834737540593	-32.6917368770297	3	79.3834737540593
ENSG00000160602	20.9254841009617	-7.46274205048086	3	28.9254841009617
ENSG00000170345	89.6423301228315	-41.8211650614158	3	97.6423301228315
ENSG00000089063	68.8324130409884	-31.4162065204942	3	76.8324130409884
ENSG00000170340	43.968069828746	-18.984034914373	3	51.968069828746
ENSG00000089060	54.7847047893712	-24.3923523946856	3	62.7847047893712
ENSG00000144834	-9.24738703006979	7.62369351503489	3	-1.24738703006979
ENSG00000198265	52.2911330717919	-23.145566535896	3	60.2911330717919
ENSG00000111325	37.4728101803029	-15.7364050901515	3	45.4728101803029
ENSG00000167378	26.1241610995736	-10.0620805497868	3	34.1241610995736
ENSG00000124232	4.59901636179958	0.700491819100209	3	12.5990163617996
ENSG00000013306	59.1572154952256	-26.5786077476128	3	67.1572154952256
ENSG00000135469	44.0887581305161	-19.0443790652581	3	52.0887581305161
ENSG00000161911	13.214222584826	-3.607111292413	3	21.214222584826
ENSG00000082074	40.996769201838	-17.498384600919	3	48.996769201838
ENSG00000087008	50.2906116372379	-22.1453058186189	3	58.2906116372379
ENSG00000068615	28.1912610442925	-11.0956305221463	3	36.1912610442925
ENSG00000156675	29.4029567448002	-11.7014783724001	3	37.4029567448002
ENSG00000214050	13.7906378998384	-3.89531894991918	3	21.7906378998384
ENSG00000106105	58.0971270076507	-26.0485635038253	3	66.0971270076507
ENSG00000106100	41.2103025428576	-17.6051512714288	3	49.2103025428576
ENSG00000038219	44.2427714624322	-19.1213857312161	3	52.2427714624322
ENSG00000167513	18.1224393492238	-6.0612196746119	3	26.1224393492238
ENSG00000214872	56.9380102653408	-25.4690051326704	3	64.9380102653408
ENSG00000109103	51.7183936685129	-22.8591968342564	3	59.7183936685129
ENSG00000109101	-24.495673885656	15.247836942828	3	-16.495673885656
ENSG00000128590	58.2317608542442	-26.1158804271221	3	66.2317608542442
ENSG00000136542	17.6836083022325	-5.84180415111623	3	25.6836083022325
ENSG00000091831	44.7953829884025	-19.3976914942013	3	52.7953829884025
ENSG00000164871	9.56032703234636	-1.78016351617318	3	17.5603270323464
ENSG00000100744	63.4660000291144	-28.7330000145572	3	71.4660000291144
ENSG00000156709	42.9338213917574	-18.4669106958787	3	50.9338213917574
ENSG00000102683	65.2885982697559	-29.6442991348779	3	73.2885982697559
ENSG00000102554	23.6427519870704	-8.82137599353522	3	31.6427519870704
ENSG00000106366	59.1700423734344	-26.5850211867172	3	67.1700423734344
ENSG00000125378	32.0891948232775	-13.0445974116387	3	40.0891948232775
ENSG00000002834	48.751760649646	-21.375880324823	3	56.751760649646
ENSG00000142082	37.4946817891471	-15.7473408945735	3	45.4946817891471
ENSG00000105668	-6.44455949538911	6.22227974769456	3	1.55544050461089
ENSG00000057593	-24.8655666645632	15.4327833322816	3	-16.8655666645632
ENSG00000166352	51.679655579899	-22.8398277899495	3	59.679655579899
ENSG00000070526	17.5051545039401	-5.75257725197005	3	25.5051545039401
ENSG00000166359	50.1967388551147	-22.0983694275573	3	58.1967388551147
ENSG00000118785	76.6186101706497	-35.3093050853249	3	84.6186101706497
ENSG00000170175	27.7389034977403	-10.8694517488702	3	35.7389034977403
ENSG00000145868	48.6323597425944	-21.3161798712972	3	56.6323597425944
ENSG00000181722	65.365216028764	-29.682608014382	3	73.365216028764
ENSG00000163659	44.5411400510265	-19.2705700255132	3	52.5411400510265
ENSG00000178965	26.9365130237071	-10.4682565118535	3	34.9365130237071
ENSG00000163879	7.46326960546089	-0.731634802730445	3	15.4632696054609
ENSG00000178966	43.0201571319995	-18.5100785659997	3	51.0201571319995
ENSG00000187244	82.6311778759964	-38.3155889379982	3	90.6311778759964
ENSG00000163875	55.7862575903076	-24.8931287951538	3	63.7862575903076
ENSG00000163874	42.67305663592	-18.33652831796	3	50.67305663592
ENSG00000163872	32.9887640612079	-13.494382030604	3	40.9887640612079
ENSG00000163655	66.1341044632637	-30.0670522316319	3	74.1341044632637
ENSG00000163870	55.2700356397898	-24.6350178198949	3	63.2700356397898
ENSG00000172613	37.0297334735959	-15.514866736798	3	45.0297334735959
ENSG00000144451	46.5702340760154	-20.2851170380077	3	54.5702340760154
ENSG00000144455	50.4758182241196	-22.2379091120598	3	58.4758182241196
ENSG00000188647	52.0079881601304	-23.0039940800652	3	60.0079881601304
ENSG00000166136	83.567816625031	-38.7839083125155	3	91.567816625031
ENSG00000188641	62.6625554655266	-28.3312777327633	3	70.6625554655266
ENSG00000182264	40.4562120512674	-17.2281060256337	3	48.4562120512674
ENSG00000186973	3.18552268510014	1.40723865744993	3	11.1855226851001
ENSG00000186976	6.40229224857381	-0.201146124286905	3	14.4022922485738
ENSG00000037897	24.8904307706852	-9.4452153853426	3	32.8904307706852
ENSG00000215475	-22.4456362926537	14.2228181463269	3	-14.4456362926537
ENSG00000177398	-20.6325185271139	13.3162592635569	3	-12.6325185271139
ENSG00000137760	20.4079144010415	-7.20395720052073	3	28.4079144010415
ENSG00000141665	25.4621743703765	-9.73108718518823	3	33.4621743703765
ENSG00000115204	48.7113949073399	-21.3556974536699	3	56.7113949073399
ENSG00000115207	39.590703140962	-16.795351570481	3	47.590703140962
ENSG00000146469	10.4913827816578	-2.24569139082888	3	18.4913827816578
ENSG00000258315	58.620976620022	-26.310488310011	3	66.620976620022
ENSG00000172738	-8.60634686384175	7.30317343192088	3	-0.60634686384175
ENSG00000162298	28.4850991580109	-11.2425495790055	3	36.4850991580109
ENSG00000074356	31.13777240402	-12.56888620201	3	39.13777240402
ENSG00000126790	53.3623600336133	-23.6811800168066	3	61.3623600336133
ENSG00000091164	66.0229540930664	-30.0114770465332	3	74.0229540930664
ENSG00000136485	46.4066151086194	-20.2033075543097	3	54.4066151086194
ENSG00000132906	33.8783095724558	-13.9391547862279	3	41.8783095724558
ENSG00000204290	11.7917793577187	-2.89588967885935	3	19.7917793577187
ENSG00000151812	23.5022426604597	-8.75112133022983	3	31.5022426604597
ENSG00000221838	35.4083285409735	-14.7041642704868	3	43.4083285409735
ENSG00000145050	72.5229179831646	-33.2614589915823	3	80.5229179831646
ENSG00000153086	14.4733159116344	-4.23665795581722	3	22.4733159116344
ENSG00000158062	27.5009927155244	-10.7504963577622	3	35.5009927155244
ENSG00000055332	47.1483080298318	-20.5741540149159	3	55.1483080298318
ENSG00000133059	32.4305012906218	-13.2152506453109	3	40.4305012906218
ENSG00000138771	21.7804407369751	-7.89022036848753	3	29.7804407369751
ENSG00000149761	44.0548760864199	-19.02743804321	3	52.0548760864199
ENSG00000141219	28.7448653375349	-11.3724326687674	3	36.7448653375349
ENSG00000138777	52.4598484052179	-23.229924202609	3	60.4598484052179
ENSG00000139826	36.6595909999227	-15.3297954999614	3	44.6595909999227
ENSG00000009413	61.5289122336035	-27.7644561168018	3	69.5289122336035
ENSG00000165118	51.4217212890832	-22.7108606445416	3	59.4217212890832
ENSG00000136732	89.9365446739745	-41.9682723369872	3	97.9365446739745
ENSG00000165449	32.156501876882	-13.078250938441	3	40.156501876882
ENSG00000165113	56.9455941265328	-25.4727970632664	3	64.9455941265328
ENSG00000153885	33.8582472669231	-13.9291236334615	3	41.8582472669231
ENSG00000174611	-0.664551179713378	3.33227558985669	3	7.33544882028662
ENSG00000121410	37.0933507081361	-15.5466753540681	3	45.0933507081361
ENSG00000188554	52.6578972247365	-23.3289486123682	3	60.6578972247365
ENSG00000122376	41.7247532583158	-17.8623766291579	3	49.7247532583158
ENSG00000137288	74.8029198683043	-34.4014599341522	3	82.8029198683043
ENSG00000116035	7.19022715352694	-0.595113576763472	3	15.1902271535269
ENSG00000122859	-22.475145105062	14.237572552531	3	-14.475145105062
ENSG00000130775	39.825444940578	-16.912722470289	3	47.825444940578
ENSG00000173705	-4.68722190716211	5.34361095358106	3	3.31277809283789
ENSG00000173706	40.0304461159134	-17.0152230579567	3	48.0304461159134
ENSG00000122507	38.7515549601266	-16.3757774800633	3	46.7515549601266
ENSG00000173702	8.36718497250346	-1.18359248625173	3	16.3671849725035
ENSG00000077800	0.212023163999714	2.89398841800014	3	8.21202316399971
ENSG00000085721	43.6199335670627	-18.8099667835314	3	51.6199335670627
ENSG00000119927	105.135419552058	-49.5677097760291	3	113.135419552058
ENSG00000140105	66.9808411249584	-30.4904205624792	3	74.9808411249584
ENSG00000119922	49.3063052412782	-21.6531526206391	3	57.3063052412782
ENSG00000183615	41.1450317811124	-17.5725158905562	3	49.1450317811124
ENSG00000090565	40.8742722530863	-17.4371361265432	3	48.8742722530863
ENSG00000143450	23.5683909804105	-8.78419549020524	3	31.5683909804105
ENSG00000138193	35.4486443104346	-14.7243221552173	3	43.4486443104346
ENSG00000116786	52.4630004072949	-23.2315002036474	3	60.4630004072949
ENSG00000076604	37.8490341287629	-15.9245170643814	3	45.8490341287629
ENSG00000167131	7.62030184041065	-0.810150920205327	3	15.6203018404107
ENSG00000104427	44.8121486786038	-19.4060743393019	3	52.8121486786038
ENSG00000159625	-21.6233738806799	13.8116869403399	3	-13.6233738806799
ENSG00000117560	11.4374115248941	-2.71870576244704	3	19.4374115248941
ENSG00000188959	22.6715768502438	-8.33578842512189	3	30.6715768502438
ENSG00000188958	26.9769168245561	-10.488458412278	3	34.9769168245561
ENSG00000144339	42.6420053574336	-18.3210026787168	3	50.6420053574336
ENSG00000134258	38.3842542637058	-16.1921271318529	3	46.3842542637058
ENSG00000154945	54.0662141017025	-24.0331070508512	3	62.0662141017025
ENSG00000278311	62.3398689813752	-28.1699344906876	3	70.3398689813752
ENSG00000140320	19.939681379426	-6.96984068971301	3	27.939681379426
ENSG00000188779	-25.794324098208	15.897162049104	3	-17.794324098208
ENSG00000164241	35.9316328291943	-14.9658164145972	3	43.9316328291943
ENSG00000275591	1.57461187860231	2.21269406069884	3	9.57461187860231
ENSG00000164244	38.3100042608757	-16.1550021304378	3	46.3100042608757
ENSG00000242372	59.9420970255328	-26.9710485127664	3	67.9420970255328
ENSG00000155016	44.6118145828218	-19.3059072914109	3	52.6118145828218
ENSG00000155545	35.9401036507993	-14.9700518253997	3	43.9401036507993
ENSG00000155011	44.8695422101006	-19.4347711050503	3	52.8695422101006
ENSG00000033327	52.2081858975088	-23.1040929487544	3	60.2081858975088
ENSG00000100968	37.4579978238895	-15.7289989119447	3	45.4579978238895
ENSG00000100749	31.4719243101116	-12.7359621550558	3	39.4719243101116
ENSG00000107771	54.9353525290711	-24.4676762645356	3	62.9353525290711
ENSG00000230124	52.2521022102513	-23.1260511051256	3	60.2521022102513
ENSG00000204983	46.7669920890225	-20.3834960445113	3	54.7669920890225
ENSG00000156931	59.4896113794976	-26.7448056897488	3	67.4896113794976
ENSG00000152558	75.31973089858	-34.65986544929	3	83.31973089858
ENSG00000143107	19.8646814664973	-6.93234073324865	3	27.8646814664973
ENSG00000134253	28.6448936556436	-11.3224468278218	3	36.6448936556436
ENSG00000143452	43.5775515761618	-18.7887757880809	3	51.5775515761618
ENSG00000144331	24.8719926054572	-9.43599630272859	3	32.8719926054572
ENSG00000178104	70.9497190543878	-32.4748595271939	3	78.9497190543878
ENSG00000097033	67.516376114075	-30.7581880570375	3	75.516376114075
ENSG00000134259	14.0288105233225	-4.01440526166124	3	22.0288105233225
ENSG00000143458	34.188393819715	-14.0941969098575	3	42.188393819715
ENSG00000124935	80.7419798764889	-37.3709899382445	3	88.7419798764889
ENSG00000161217	52.8979735794287	-23.4489867897143	3	60.8979735794287
