genename	AIC	lnL	k	AICC
ENSG00000056050	51.2648883985281	-22.632444199264	3	59.2648883985281
ENSG00000136891	32.8253370394313	-13.4126685197156	3	40.8253370394313
ENSG00000136897	49.8359400900959	-21.9179700450479	3	57.8359400900959
ENSG00000146067	41.9842795276272	-17.9921397638136	3	49.9842795276272
ENSG00000158796	40.453208394137	-17.2266041970685	3	48.453208394137
ENSG00000105186	29.7134247523928	-11.8567123761964	3	37.7134247523928
ENSG00000128849	44.579415505417	-19.2897077527085	3	52.579415505417
ENSG00000152382	40.3891265680368	-17.1945632840184	3	48.3891265680368
ENSG00000138675	-2.3932890358006	4.1966445179003	3	5.6067109641994
ENSG00000133114	44.601201159073	-19.3006005795365	3	52.601201159073
ENSG00000133119	35.1471497958095	-14.5735748979047	3	43.1471497958095
ENSG00000169026	47.385496252173	-20.6927481260865	3	55.385496252173
ENSG00000172590	79.816677395125	-36.9083386975625	3	87.816677395125
ENSG00000172594	77.5625505954882	-35.7812752977441	3	85.5625505954882
ENSG00000142961	35.263073331588	-14.631536665794	3	43.263073331588
ENSG00000188906	47.7932879944953	-20.8966439972476	3	55.7932879944953
ENSG00000166503	58.235720786301	-26.1178603931505	3	66.235720786301
ENSG00000162688	54.447331164098	-24.223665582049	3	62.447331164098
ENSG00000182348	5.057461241409	0.471269379295501	3	13.057461241409
ENSG00000188909	-26.3775607675933	16.1887803837967	3	-18.3775607675933
ENSG00000152520	54.7769610695328	-24.3884805347664	3	62.7769610695328
ENSG00000186501	45.5936586201951	-19.7968293100975	3	53.5936586201951
ENSG00000157005	19.5444528751618	-6.77222643758092	3	27.5444528751618
ENSG00000146243	28.9247235607128	-11.4623617803564	3	36.9247235607128
ENSG00000146242	29.187630332027	-11.5938151660135	3	37.187630332027
ENSG00000184012	35.8697892831045	-14.9348946415522	3	43.8697892831045
ENSG00000066379	67.2977314875055	-30.6488657437528	3	75.2977314875055
ENSG00000163485	54.1731404559856	-24.0865702279928	3	62.1731404559856
ENSG00000163482	30.6084171114828	-12.3042085557414	3	38.6084171114828
ENSG00000091947	39.7962974102677	-16.8981487051339	3	47.7962974102677
ENSG00000163481	26.7661563472883	-10.3830781736441	3	34.7661563472883
ENSG00000112367	35.1397997536377	-14.5698998768189	3	43.1397997536377
ENSG00000112365	42.0361079269336	-18.0180539634668	3	50.0361079269336
ENSG00000172375	24.2664558312522	-9.1332279156261	3	32.2664558312522
ENSG00000162426	-2.10053797216839	4.05026898608419	3	5.89946202783161
ENSG00000066336	38.5478888723206	-16.2739444361603	3	46.5478888723206
ENSG00000205078	29.2911112947851	-11.6455556473926	3	37.2911112947851
ENSG00000054983	43.2815873068758	-18.6407936534379	3	51.2815873068758
ENSG00000108559	44.5599716698538	-19.2799858349269	3	52.5599716698538
ENSG00000114902	75.9627675658719	-34.9813837829359	3	83.9627675658719
ENSG00000114904	47.5965509206061	-20.7982754603031	3	55.5965509206061
ENSG00000108551	61.0912178004707	-27.5456089002353	3	69.0912178004707
ENSG00000204116	35.1767032204723	-14.5883516102361	3	43.1767032204723
ENSG00000119537	59.8587118655841	-26.9293559327921	3	67.8587118655841
ENSG00000119535	30.0559240089238	-12.0279620044619	3	38.0559240089238
ENSG00000137142	-3.16725616267582	4.58362808133791	3	4.83274383732418
ENSG00000258890	51.1630517176094	-22.5815258588047	3	59.1630517176094
ENSG00000265491	59.998015616412	-26.999007808206	3	67.9980156164119
ENSG00000139988	5.23250816932565	0.383745915337173	3	13.2325081693257
ENSG00000136634	37.020361355637	-15.5101806778185	3	45.020361355637
ENSG00000149196	72.69808487389	-33.349042436945	3	80.69808487389
ENSG00000136631	49.47590281953	-21.737951409765	3	57.47590281953
ENSG00000136630	26.6195976650926	-10.3097988325463	3	34.6195976650926
ENSG00000100075	70.4536350336473	-32.2268175168237	3	78.4536350336473
ENSG00000101407	34.4384478874534	-14.2192239437267	3	42.4384478874534
ENSG00000270379	5.54019046950472	0.22990476524764	3	13.5401904695047
ENSG00000159224	22.5640037543825	-8.28200187719123	3	30.5640037543825
ENSG00000164904	66.3839217148128	-30.1919608574064	3	74.3839217148128
ENSG00000138587	27.0433453198869	-10.5216726599435	3	35.0433453198869
ENSG00000164900	-4.5176541293996	5.2588270646998	3	3.4823458706004
ENSG00000104320	49.0778148705702	-21.5389074352851	3	57.0778148705702
ENSG00000104321	16.403653344054	-5.20182667202701	3	24.403653344054
ENSG00000104324	61.3722354346659	-27.686117717333	3	69.3722354346659
ENSG00000001561	51.1746443123567	-22.5873221561783	3	59.1746443123567
ENSG00000159128	72.9653204607649	-33.4826602303824	3	80.9653204607649
ENSG00000130675	-34.5414097207819	20.2707048603909	3	-26.5414097207819
ENSG00000139187	25.8755665224819	-9.93778326124096	3	33.8755665224819
ENSG00000113369	71.0930185962596	-32.5465092981298	3	79.0930185962596
ENSG00000185523	28.2447194618532	-11.1223597309266	3	36.2447194618533
ENSG00000145740	52.6310936458928	-23.3155468229464	3	60.6310936458928
ENSG00000129038	52.8979753256106	-23.4489876628053	3	60.8979753256106
ENSG00000183597	51.2768566823382	-22.6384283411691	3	59.2768566823382
ENSG00000101665	42.0901012650132	-18.0450506325066	3	50.0901012650132
ENSG00000181991	48.6391492692448	-21.3195746346224	3	56.6391492692448
ENSG00000082213	36.9537793759276	-15.4768896879638	3	44.9537793759276
ENSG00000177556	103.412845785214	-48.7064228926071	3	111.412845785214
ENSG00000177558	-18.1296009133694	12.0648004566847	3	-10.1296009133694
ENSG00000113108	38.6585824966204	-16.3292912483102	3	46.6585824966204
ENSG00000196420	70.6310131424614	-32.3155065712307	3	78.6310131424614
ENSG00000155099	40.9163629445754	-17.4581814722877	3	48.9163629445754
ENSG00000148606	37.1650252215208	-15.5825126107604	3	45.1650252215208
ENSG00000148604	6.26703939450759	-0.133519697253794	3	14.2670393945076
ENSG00000141556	44.0228394375598	-19.0114197187799	3	52.0228394375598
ENSG00000133800	79.126722717959	-36.5633613589795	3	87.126722717959
ENSG00000139618	22.4411770399592	-8.2205885199796	3	30.4411770399592
ENSG00000100296	40.9643381220116	-17.4821690610058	3	48.9643381220116
ENSG00000107859	-0.575478039369299	3.28773901968465	3	7.4245219606307
ENSG00000151789	48.4442641695361	-21.222132084768	3	56.4442641695361
ENSG00000107679	38.5078516587185	-16.2539258293592	3	46.5078516587185
ENSG00000117280	50.3174094165096	-22.1587047082548	3	58.3174094165096
ENSG00000107672	55.5679910945156	-24.7839955472578	3	63.5679910945156
ENSG00000068697	91.0666457282044	-42.5333228641022	3	99.0666457282044
ENSG00000053328	36.0861093092699	-15.043054654635	3	44.0861093092699
ENSG00000169085	32.9654628928173	-13.4827314464087	3	40.9654628928173
ENSG00000169087	33.7179584583632	-13.8589792291816	3	41.7179584583632
ENSG00000146802	45.2994402951195	-19.6497201475597	3	53.2994402951195
ENSG00000008838	40.2359678876762	-17.1179839438381	3	48.2359678876762
ENSG00000156521	74.5148859816475	-34.2574429908238	3	82.5148859816475
ENSG00000198774	35.869326888279	-14.9346634441395	3	43.869326888279
ENSG00000164010	32.6053773373376	-13.3026886686688	3	40.6053773373376
ENSG00000164011	35.1007649992856	-14.5503824996428	3	43.1007649992856
ENSG00000198771	40.4666625109342	-17.2333312554671	3	48.4666625109342
ENSG00000150787	62.114021411513	-28.0570107057565	3	70.114021411513
ENSG00000182973	37.5129052471125	-15.7564526235562	3	45.5129052471125
ENSG00000150782	72.4282046965985	-33.2141023482992	3	80.4282046965985
ENSG00000171611	14.1529190068025	-4.07645950340124	3	22.1529190068025
ENSG00000171612	33.45906144352	-13.72953072176	3	41.45906144352
ENSG00000197713	50.9138464727371	-22.4569232363685	3	58.9138464727371
ENSG00000123545	35.9108929771716	-14.9554464885858	3	43.9108929771716
ENSG00000103111	36.7180310581096	-15.3590155290548	3	44.7180310581096
ENSG00000176040	-18.9737415687406	12.4868707843703	3	-10.9737415687406
ENSG00000037749	46.8034548271329	-20.4017274135665	3	54.8034548271329
ENSG00000123892	44.3940566385971	-19.1970283192985	3	52.3940566385971
ENSG00000140950	19.2740419518232	-6.63702097591162	3	27.2740419518232
ENSG00000160862	59.1598002713866	-26.5799001356933	3	67.1598002713866
ENSG00000110108	50.4072600615847	-22.2036300307924	3	58.4072600615847
ENSG00000110104	47.612282795425	-20.8061413977125	3	55.612282795425
ENSG00000110107	46.9255887477668	-20.4627943738834	3	54.9255887477668
ENSG00000125726	12.8551497403046	-3.42757487015228	3	20.8551497403046
ENSG00000163382	51.0694508428335	-22.5347254214168	3	59.0694508428335
ENSG00000156787	30.1234851073358	-12.0617425536679	3	38.1234851073358
ENSG00000175520	-21.431657358904	13.715828679452	3	-13.431657358904
ENSG00000198553	25.488849702633	-9.74442485131648	3	33.488849702633
ENSG00000134001	63.4814294190948	-28.7407147095474	3	71.4814294190948
ENSG00000198554	30.1565318730659	-12.0782659365329	3	38.1565318730659
ENSG00000111850	45.8074124517032	-19.9037062258516	3	53.8074124517032
ENSG00000135045	43.1772887168901	-18.588644358445	3	51.1772887168901
ENSG00000171928	49.0085185559883	-21.5042592779941	3	57.0085185559883
ENSG00000123091	56.670897165342	-25.335448582671	3	64.670897165342
ENSG00000123094	50.2416219255889	-22.1208109627945	3	58.2416219255889
ENSG00000123096	69.7431862539228	-31.8715931269614	3	77.7431862539228
ENSG00000122481	39.5757940721074	-16.7878970360537	3	47.5757940721074
ENSG00000169621	57.9516253630439	-25.9758126815219	3	65.9516253630439
ENSG00000160710	54.7343249826861	-24.367162491343	3	62.7343249826861
ENSG00000136950	59.3608086978928	-26.6804043489464	3	67.3608086978928
ENSG00000042813	24.660698467749	-9.33034923387451	3	32.660698467749
ENSG00000088826	34.2323483187719	-14.116174159386	3	42.2323483187719
ENSG00000088827	67.9425082142207	-30.9712541071103	3	75.9425082142207
ENSG00000096080	67.8455503248283	-30.9227751624141	3	75.8455503248283
ENSG00000143842	36.8168223840525	-15.4084111920262	3	44.8168223840525
ENSG00000168685	41.2849677027119	-17.642483851356	3	49.2849677027119
ENSG00000153495	36.7548279468285	-15.3774139734142	3	44.7548279468285
ENSG00000164175	9.41228994484623	-1.70614497242311	3	17.4122899448462
ENSG00000175467	43.9114517980656	-18.9557258990328	3	51.9114517980656
ENSG00000145979	37.9529440882331	-15.9764720441166	3	45.9529440882331
ENSG00000175463	19.2021796069841	-6.60108980349204	3	27.2021796069841
ENSG00000167595	27.8452648519837	-10.9226324259918	3	35.8452648519837
ENSG00000197860	42.8759271049381	-18.437963552469	3	50.8759271049381
ENSG00000143867	39.6139186176353	-16.8069593088176	3	47.6139186176353
ENSG00000105404	88.3844416569147	-41.1922208284574	3	96.3844416569147
ENSG00000109381	58.1473927500726	-26.0736963750363	3	66.1473927500726
ENSG00000182508	4.70778222884264	0.646108885578683	3	12.7077822288426
ENSG00000132185	40.4799953974797	-17.2399976987398	3	48.4799953974797
ENSG00000108639	52.4675747342036	-23.2337873671018	3	60.4675747342036
ENSG00000149380	28.2068378133623	-11.1034189066812	3	36.2068378133623
ENSG00000177311	54.4017843015455	-24.2008921507727	3	62.4017843015455
ENSG00000222009	24.1949150225635	-9.09745751128175	3	32.1949150225635
ENSG00000166265	52.2922851290218	-23.1461425645109	3	60.2922851290218
ENSG00000119703	28.4830542638198	-11.2415271319099	3	36.4830542638198
ENSG00000143970	38.9832775037157	-16.4916387518579	3	46.9832775037157
ENSG00000143971	46.8180563491603	-20.4090281745801	3	54.8180563491603
ENSG00000014914	40.1972421900184	-17.0986210950092	3	48.1972421900184
ENSG00000153140	68.0403683795327	-31.0201841897663	3	76.0403683795327
ENSG00000139405	36.1036835120346	-15.0518417560173	3	44.1036835120346
ENSG00000023228	58.4929005980702	-26.2464502990351	3	66.4929005980702
ENSG00000111276	59.0612750176798	-26.5306375088399	3	67.0612750176798
ENSG00000105607	52.9306127456696	-23.4653063728348	3	60.9306127456696
ENSG00000135974	46.0014524884447	-20.0007262442224	3	54.0014524884447
ENSG00000131238	62.2582687272596	-28.1291343636298	3	70.2582687272596
ENSG00000135973	-45.207062145707	25.6035310728535	3	-37.207062145707
ENSG00000135972	41.2715717220929	-17.6357858610465	3	49.2715717220929
ENSG00000135750	34.2345688037508	-14.1172844018754	3	42.2345688037508
ENSG00000142552	44.2371836073859	-19.1185918036929	3	52.2371836073859
ENSG00000188026	61.276879648302	-27.638439824151	3	69.276879648302
ENSG00000136404	34.1760353698155	-14.0880176849077	3	42.1760353698155
ENSG00000132768	20.2881914335411	-7.14409571677055	3	28.2881914335411
ENSG00000101443	53.7459411235733	-23.8729705617867	3	61.7459411235733
ENSG00000165621	-25.351251001575	15.6756255007875	3	-17.351251001575
ENSG00000184465	17.0321689250832	-5.5160844625416	3	25.0321689250832
ENSG00000151893	46.3993556975512	-20.1996778487756	3	54.3993556975512
ENSG00000165996	41.3559172146607	-17.6779586073304	3	49.3559172146607
ENSG00000149564	45.1048038189775	-19.5524019094888	3	53.1048038189775
ENSG00000165626	38.1578875828272	-16.0789437914136	3	46.1578875828272
ENSG00000163749	31.5284584052492	-12.7642292026246	3	39.5284584052492
ENSG00000237190	103.994701388485	-48.9973506942427	3	111.994701388485
ENSG00000153002	41.4884645326136	-17.7442322663068	3	49.4884645326136
ENSG00000167842	48.334970705854	-21.167485352927	3	56.334970705854
ENSG00000163743	56.050686859505	-25.0253434297525	3	64.050686859505
ENSG00000084652	44.482144211402	-19.241072105701	3	52.482144211402
ENSG00000101331	28.9853524492278	-11.4926762246139	3	36.9853524492278
ENSG00000214694	-0.237019795627385	3.11850989781369	3	7.76298020437262
ENSG00000180011	34.0268788775784	-14.0134394387892	3	42.0268788775784
ENSG00000172167	34.8041670212695	-14.4020835106347	3	42.8041670212695
ENSG00000157992	24.518758123794	-9.259379061897	3	32.518758123794
ENSG00000114737	44.8058908984188	-19.4029454492094	3	52.8058908984188
ENSG00000114735	36.6609565081587	-15.3304782540793	3	44.6609565081587
ENSG00000185753	46.4066315680087	-20.2033157840044	3	54.4066315680087
ENSG00000165197	46.8720557060854	-20.4360278530427	3	54.8720557060854
ENSG00000165195	39.6044755731627	-16.8022377865813	3	47.6044755731627
ENSG00000205476	17.1065702077167	-5.55328510385833	3	25.1065702077167
ENSG00000155890	-26.8584619112581	16.429230955629	3	-18.8584619112581
ENSG00000148386	-15.1695782934783	10.5847891467392	3	-7.16957829347833
ENSG00000213424	13.1667393899216	-3.58336969496078	3	21.1667393899216
ENSG00000101327	-6.08304170129228	6.04152085064614	3	1.91695829870772
ENSG00000020426	49.9496074666226	-21.9748037333113	3	57.9496074666226
ENSG00000172339	36.0171590907281	-15.008579545364	3	44.0171590907281
ENSG00000175121	22.1562500561502	-8.0781250280751	3	30.1562500561502
ENSG00000132694	37.5987690641305	-15.7993845320652	3	45.5987690641305
ENSG00000138442	40.9756251968628	-17.4878125984314	3	48.9756251968628
ENSG00000008018	74.9718786259197	-34.4859393129599	3	82.9718786259197
ENSG00000172782	14.053167870485	-4.02658393524248	3	22.053167870485
ENSG00000182158	48.4593647843608	-21.2296823921804	3	56.4593647843608
ENSG00000112320	31.246577038835	-12.6232885194175	3	39.246577038835
ENSG00000104131	64.4231206718405	-29.2115603359203	3	72.4231206718405
ENSG00000104133	53.5944923524627	-23.7972461762314	3	61.5944923524627
ENSG00000164327	38.2356577793616	-16.1178288896808	3	46.2356577793616
ENSG00000166710	123.516800770836	-58.7584003854178	3	131.516800770836
ENSG00000136933	35.5924180559536	-14.7962090279768	3	43.5924180559536
ENSG00000182156	-13.9349370289396	9.96746851446978	3	-5.93493702893956
ENSG00000126067	70.809626100822	-32.404813050411	3	78.809626100822
ENSG00000147145	39.9736874617397	-16.9868437308698	3	47.9736874617397
ENSG00000186314	43.7565819769221	-18.8782909884611	3	51.7565819769221
ENSG00000166333	69.0200543097978	-31.5100271548989	3	77.0200543097978
ENSG00000186318	43.5690999648837	-18.7845499824418	3	51.5690999648837
ENSG00000011376	14.3447445251819	-4.17237226259096	3	22.3447445251819
ENSG00000125266	34.5972723826921	-14.298636191346	3	42.5972723826921
ENSG00000158423	27.6476362077686	-10.8238181038843	3	35.6476362077686
ENSG00000174780	63.2245058970098	-28.6122529485049	3	71.2245058970098
ENSG00000158428	32.3264069571421	-13.1632034785711	3	40.3264069571421
ENSG00000137462	43.5787174529918	-18.7893587264959	3	51.5787174529918
ENSG00000181830	37.6127220257286	-15.8063610128643	3	45.6127220257286
ENSG00000164715	30.6775658078509	-12.3387829039255	3	38.6775658078509
ENSG00000112195	27.4570000280758	-10.7285000140379	3	35.4570000280758
ENSG00000120727	87.6969832949958	-40.8484916474979	3	95.6969832949958
ENSG00000120725	54.9238993599423	-24.4619496799712	3	62.9238993599423
ENSG00000256537	103.42667922529	-48.7133396126449	3	111.42667922529
ENSG00000122584	2.9489394883843	1.52553025580785	3	10.9489394883843
ENSG00000126602	49.3519822405284	-21.6759911202642	3	57.3519822405284
ENSG00000173786	47.54188231509	-20.770941157545	3	55.54188231509
ENSG00000117877	28.1470682976175	-11.0735341488087	3	36.1470682976175
ENSG00000117707	26.1762319405708	-10.0881159702854	3	34.1762319405708
ENSG00000204308	47.7802832141259	-20.890141607063	3	55.7802832141259
ENSG00000204305	51.4515566982593	-22.7257783491297	3	59.4515566982593
ENSG00000204300	35.2549837763479	-14.627491888174	3	43.2549837763479
ENSG00000196652	27.0794151787021	-10.5397075893511	3	35.0794151787021
ENSG00000178188	29.6778965560941	-11.838948278047	3	37.6778965560941
ENSG00000121057	48.2487885246391	-21.1243942623196	3	56.2487885246391
ENSG00000196655	51.4456473017497	-22.7228236508749	3	59.4456473017497
ENSG00000121058	39.4988452516835	-16.7494226258418	3	47.4988452516835
ENSG00000178187	18.634908949532	-6.31745447476599	3	26.634908949532
ENSG00000112996	37.1489106659202	-15.5744553329601	3	45.1489106659202
ENSG00000112992	61.5889213165905	-27.7944606582953	3	69.5889213165905
ENSG00000159840	34.1368302757732	-14.0684151378866	3	42.1368302757732
ENSG00000054796	30.0817939233655	-12.0408969616827	3	38.0817939233655
ENSG00000159593	43.2178292800813	-18.6089146400407	3	51.2178292800813
ENSG00000138152	-11.9726495733541	8.98632478667703	3	-3.97264957335407
ENSG00000182566	40.1720625218272	-17.0860312609136	3	48.1720625218272
ENSG00000159596	41.1069243113451	-17.5534621556725	3	49.1069243113451
ENSG00000167531	112.151890916164	-53.0759454580818	3	120.151890916164
ENSG00000143507	44.8797395427514	-19.4398697713757	3	52.8797395427514
ENSG00000005436	38.8602621007903	-16.4301310503952	3	46.8602621007903
ENSG00000009765	34.476436204098	-14.238218102049	3	42.476436204098
ENSG00000099864	49.0219216865601	-21.5109608432801	3	57.0219216865601
ENSG00000107447	15.5132356509596	-4.7566178254798	3	23.5132356509596
ENSG00000021488	3.41725320722841	1.2913733963858	3	11.4172532072284
ENSG00000162104	33.4765860501857	-13.7382930250929	3	41.4765860501857
ENSG00000197324	50.5302751213393	-22.2651375606696	3	58.5302751213393
ENSG00000106244	72.1591636170714	-33.0795818085357	3	80.1591636170714
ENSG00000110848	34.9853503117118	-14.4926751558559	3	42.9853503117118
ENSG00000197386	49.0759717013114	-21.5379858506557	3	57.0759717013114
ENSG00000128463	56.5863369356607	-25.2931684678303	3	64.5863369356607
ENSG00000104866	39.3655678400071	-16.6827839200036	3	47.3655678400071
ENSG00000179583	38.4909155757051	-16.2454577878525	3	46.4909155757051
ENSG00000151338	38.0242441977752	-16.0121220988876	3	46.0242441977752
ENSG00000151332	44.8197081108696	-19.4098540554348	3	52.8197081108696
ENSG00000140092	47.593533110858	-20.796766555429	3	55.593533110858
ENSG00000183780	9.34658153357484	-1.67329076678742	3	17.3465815335748
ENSG00000153790	29.3358386132947	-11.6679193066474	3	37.3358386132947
ENSG00000171557	41.3871783431078	-17.6935891715539	3	49.3871783431078
ENSG00000124356	45.9634580586504	-19.9817290293252	3	53.9634580586504
ENSG00000175785	25.1249545798043	-9.56247728990217	3	33.1249545798043
ENSG00000171552	55.2450722844993	-24.6225361422497	3	63.2450722844993
ENSG00000171551	-12.6452703273252	9.32263516366262	3	-4.64527032732525
ENSG00000124602	-4.944828924097	5.4724144620485	3	3.055171075903
ENSG00000139233	74.1894028261029	-34.0947014130514	3	82.1894028261029
ENSG00000175073	39.63983060436	-16.81991530218	3	47.63983060436
ENSG00000135569	-20.3353135641451	13.1676567820726	3	-12.3353135641451
ENSG00000187862	-19.006641831956	12.503320915978	3	-11.006641831956
ENSG00000187860	17.8993346183433	-5.94966730917165	3	25.8993346183433
ENSG00000142765	23.1312514787698	-8.56562573938491	3	31.1312514787698
ENSG00000179636	15.8485369343204	-4.92426846716021	3	23.8485369343204
ENSG00000113643	54.8343401952774	-24.4171700976387	3	62.8343401952774
ENSG00000185033	34.0991647366527	-14.0495823683263	3	42.0991647366527
ENSG00000113648	54.171253003627	-24.0856265018135	3	62.171253003627
ENSG00000137996	50.2252667402108	-22.1126333701054	3	58.2252667402108
ENSG00000169435	22.3310684005705	-8.16553420028524	3	30.3310684005705
ENSG00000169436	4.39908966567525	0.800455167162377	3	12.3990896656752
ENSG00000169439	68.3305460532603	-31.1652730266301	3	76.3305460532603
ENSG00000127318	-5.66523005813157	5.83261502906578	3	2.33476994186843
ENSG00000167434	50.4257530653529	-22.2128765326765	3	58.4257530653529
ENSG00000109046	76.4018505187194	-35.2009252593597	3	84.4018505187194
ENSG00000111644	31.6545697511361	-12.8272848755681	3	39.6545697511361
ENSG00000089818	45.322971867181	-19.6614859335905	3	53.322971867181
ENSG00000084764	46.1852040071707	-20.0926020035853	3	54.1852040071707
ENSG00000111641	29.2446368133752	-11.6223184066876	3	37.2446368133752
ENSG00000243667	38.4829809714758	-16.2414904857379	3	46.4829809714758
ENSG00000075073	10.9918683358423	-2.49593416792113	3	18.9918683358423
ENSG00000160075	65.4792539518536	-29.7396269759268	3	73.4792539518536
ENSG00000103569	19.8291165322886	-6.91455826614429	3	27.8291165322886
ENSG00000211456	48.6055061209052	-21.3027530604526	3	56.6055061209052
ENSG00000267855	81.2156321852041	-37.6078160926021	3	89.2156321852041
ENSG00000152154	25.7848855396551	-9.89244276982757	3	33.7848855396551
ENSG00000156313	50.2401888245251	-22.1200944122626	3	58.2401888245251
ENSG00000102967	26.5028285945377	-10.2514142972688	3	34.5028285945377
ENSG00000039537	63.9146469296809	-28.9573234648405	3	71.9146469296809
ENSG00000156642	66.9975863650254	-30.4987931825127	3	74.9975863650254
ENSG00000166508	45.7719543236964	-19.8859771618482	3	53.7719543236964
ENSG00000048162	59.1025473947426	-26.5512736973713	3	67.1025473947426
ENSG00000109956	-0.800533953612925	3.40026697680646	3	7.19946604638707
ENSG00000043462	49.3207370956667	-21.6603685478334	3	57.3207370956667
ENSG00000012048	27.2179820549285	-10.6089910274642	3	35.2179820549285
ENSG00000075303	46.2368946331474	-20.1184473165737	3	54.2368946331474
ENSG00000123374	31.0560506729137	-12.5280253364569	3	39.0560506729137
ENSG00000149716	66.8680339365154	-30.4340169682577	3	74.8680339365154
ENSG00000146007	63.3908574751195	-28.6954287375597	3	71.3908574751195
ENSG00000146006	23.9299126909862	-8.96495634549311	3	31.9299126909862
ENSG00000178860	43.5070009610189	-18.7535004805095	3	51.5070009610189
ENSG00000143013	80.5841340593817	-37.2920670296908	3	88.5841340593817
ENSG00000163171	60.503916911248	-27.251958455624	3	68.503916911248
ENSG00000144535	37.2231352951879	-15.6115676475939	3	45.2231352951879
ENSG00000008226	8.77234873363759	-1.3861743668188	3	16.7723487336376
ENSG00000166526	43.1643974915758	-18.5821987457879	3	51.1643974915758
ENSG00000166527	32.6691399666327	-13.3345699833164	3	40.6691399666327
ENSG00000172578	8.94537561412949	-1.47268780706474	3	16.9453756141295
ENSG00000085999	18.8824194182145	-6.44120970910723	3	26.8824194182145
ENSG00000188921	53.790541446554	-23.895270723277	3	61.790541446554
ENSG00000114698	58.6821295038077	-26.3410647519039	3	66.6821295038077
ENSG00000157060	10.0802060899298	-2.04010304496491	3	18.0802060899298
ENSG00000157064	23.1679213110528	-8.58396065552638	3	31.1679213110528
ENSG00000184786	17.6404362414643	-5.82021812073217	3	25.6404362414643
ENSG00000184787	65.6473809967443	-29.8236904983721	3	73.6473809967443
ENSG00000204681	42.0481507011038	-18.0240753505519	3	50.0481507011038
ENSG00000099260	70.6880565160472	-32.3440282580236	3	78.6880565160472
ENSG00000181555	48.4980864190298	-21.2490432095149	3	56.4980864190298
ENSG00000184076	126.002910886509	-60.0014554432545	3	134.002910886509
ENSG00000168476	28.7159469992412	-11.3579734996206	3	36.7159469992412
ENSG00000163357	18.3293221243739	-6.16466106218697	3	26.3293221243739
ENSG00000071794	46.9892981116471	-20.4946490558236	3	54.9892981116471
ENSG00000162408	29.0766430047032	-11.5383215023516	3	37.0766430047032
ENSG00000112695	108.356832643583	-51.1784163217913	3	116.356832643583
ENSG00000172318	22.2500696504281	-8.12503482521405	3	30.2500696504281
ENSG00000112699	49.1143314665751	-21.5571657332875	3	57.1143314665751
ENSG00000182093	85.4032245302368	-39.7016122651184	3	93.4032245302368
ENSG00000182095	41.8678153093114	-17.9339076546557	3	49.8678153093114
ENSG00000162407	65.5308145764913	-29.7654072882457	3	73.5308145764913
ENSG00000108578	45.6830999088719	-19.841549954436	3	53.6830999088719
ENSG00000119041	40.5537246340171	-17.2768623170086	3	48.5537246340171
ENSG00000168748	-28.8241304590108	17.4120652295054	3	-20.8241304590108
ENSG00000055211	69.284174337491	-31.6420871687455	3	77.284174337491
ENSG00000138613	57.150934657873	-25.5754673289365	3	65.150934657873
ENSG00000138617	38.4182811577183	-16.2091405788592	3	46.4182811577183
ENSG00000138614	41.4335097745162	-17.7167548872581	3	49.4335097745162
ENSG00000074527	52.888950235306	-23.444475117653	3	60.888950235306
ENSG00000029725	74.548784807397	-34.2743924036985	3	82.548784807397
ENSG00000050130	47.1264056245604	-20.5632028122802	3	55.1264056245604
ENSG00000173950	28.9580875592294	-11.4790437796147	3	36.9580875592294
ENSG00000145623	48.9844447880563	-21.4922223940282	3	56.9844447880563
ENSG00000169981	45.3086032095246	-19.6543016047623	3	53.3086032095246
ENSG00000101463	10.6065708899448	-2.30328544497239	3	18.6065708899448
ENSG00000101464	40.8150973027701	-17.407548651385	3	48.8150973027701
ENSG00000137692	47.9688752057739	-20.984437602887	3	55.9688752057739
ENSG00000137693	58.2243215606043	-26.1121607803022	3	66.2243215606043
ENSG00000137691	31.4694868295638	-12.7347434147819	3	39.4694868295638
ENSG00000133393	54.9797469447127	-24.4898734723563	3	62.9797469447127
ENSG00000187258	15.8040292508165	-4.90201462540826	3	23.8040292508165
ENSG00000180209	81.4866581903474	-37.7433290951737	3	89.4866581903474
ENSG00000164961	51.3607440445678	-22.6803720222839	3	59.3607440445678
ENSG00000180205	15.3354696508199	-4.66773482540993	3	23.3354696508199
ENSG00000137699	44.6839600603406	-19.3419800301703	3	52.6839600603406
ENSG00000187522	47.7579196382341	-20.878959819117	3	55.7579196382341
ENSG00000133398	88.3341172800393	-41.1670586400197	3	96.3341172800393
ENSG00000173040	35.473244591478	-14.736622295739	3	43.473244591478
ENSG00000049768	-0.0706777657246107	3.03533888286231	3	7.92932223427539
ENSG00000165383	20.5519458437988	-7.27597292189941	3	28.5519458437988
ENSG00000145723	37.7178142931782	-15.8589071465891	3	45.7178142931782
ENSG00000145721	17.298972068896	-5.64948603444799	3	25.298972068896
ENSG00000108381	68.2997417515979	-31.1498708757989	3	76.2997417515979
ENSG00000129055	93.1298680542659	-43.5649340271329	3	101.129868054266
ENSG00000089775	41.2841551251985	-17.6420775625993	3	49.2841551251985
ENSG00000183570	34.3945576341985	-14.1972788170993	3	42.3945576341985
ENSG00000183578	38.6088848696352	-16.3044424348176	3	46.6088848696352
ENSG00000205221	60.5274465338607	-27.2637232669304	3	68.5274465338607
ENSG00000205220	47.0794123401602	-20.5397061700801	3	55.0794123401602
ENSG00000081014	33.4063963546125	-13.7031981773062	3	41.4063963546125
ENSG00000144115	32.2457616009025	-13.1228808004512	3	40.2457616009025
ENSG00000116863	36.0152882507909	-15.0076441253954	3	44.0152882507909
ENSG00000082898	55.135917580859	-24.5679587904295	3	63.135917580859
ENSG00000142937	110.784831410734	-52.3924157053671	3	118.784831410734
ENSG00000140391	76.8323014983806	-35.4161507491903	3	84.8323014983806
ENSG00000154889	43.5557115714921	-18.777855785746	3	51.5557115714921
ENSG00000158856	43.9934956727011	-18.9967478363505	3	51.9934956727011
ENSG00000158850	36.8153203100057	-15.4076601550029	3	44.8153203100057
ENSG00000151835	29.5439571751343	-11.7719785875671	3	37.5439571751343
ENSG00000107874	56.9626076765947	-25.4813038382974	3	64.9626076765947
ENSG00000103356	30.0533257591945	-12.0266628795972	3	38.0533257591945
ENSG00000103351	46.7133559649514	-20.3566779824757	3	54.7133559649514
ENSG00000103353	45.4977051945025	-19.7488525972513	3	53.4977051945025
ENSG00000217442	28.8720261478009	-11.4360130739005	3	36.8720261478009
ENSG00000153064	42.0176749970553	-18.0088374985277	3	50.0176749970553
ENSG00000146828	18.6038853122335	-6.30194265611674	3	26.6038853122335
ENSG00000174007	48.5632842142177	-21.2816421071088	3	56.5632842142177
ENSG00000110696	84.6198986590101	-39.309949329505	3	92.6198986590101
ENSG00000213281	69.3299629880305	-31.6649814940152	3	77.3299629880305
ENSG00000198718	34.2754135888104	-14.1377067944052	3	42.2754135888104
ENSG00000164035	57.2240545479042	-25.6120272739521	3	65.2240545479042
ENSG00000164031	56.5350460744599	-25.2675230372299	3	64.5350460744599
ENSG00000170037	22.0828006612452	-8.04140033062261	3	30.0828006612452
ENSG00000198715	42.4872366550405	-18.2436183275203	3	50.4872366550405
ENSG00000164039	51.3763213519155	-22.6881606759577	3	59.3763213519155
ENSG00000197265	65.656349640418	-29.828174820209	3	73.656349640418
ENSG00000182950	7.38401575123308	-0.692007875616542	3	15.3840157512331
ENSG00000100151	35.1341560404759	-14.567078020238	3	43.1341560404759
ENSG00000171631	18.6372606784717	-6.31863033923586	3	26.6372606784717
ENSG00000120063	61.339927676424	-27.669963838212	3	69.3399276764241
ENSG00000100154	34.8306635270433	-14.4153317635216	3	42.8306635270433
ENSG00000123561	-30.8497832609491	18.4248916304745	3	-22.8497832609491
ENSG00000123560	30.6359557954975	-12.3179778977487	3	38.6359557954975
ENSG00000160808	78.1314275175481	-36.0657137587741	3	86.1314275175481
ENSG00000103174	27.8711517539693	-10.9355758769847	3	35.8711517539693
ENSG00000151458	44.9592452636464	-19.4796226318232	3	52.9592452636464
ENSG00000125743	88.7119894284676	-41.3559947142338	3	96.7119894284676
ENSG00000170542	64.6489523722582	-29.3244761861291	3	72.6489523722582
ENSG00000181038	38.9671629533532	-16.4835814766766	3	46.9671629533532
ENSG00000170545	62.0547295374709	-28.0273647687355	3	70.0547295374709
ENSG00000125744	22.4266915080686	-8.21334575403431	3	30.4266915080686
ENSG00000170549	46.9647900830599	-20.4823950415299	3	54.9647900830599
ENSG00000181036	3.90082035348657	1.04958982325671	3	11.9008203534866
ENSG00000143376	47.0762421764944	-20.5381210882472	3	55.0762421764944
ENSG00000134574	40.2582430539759	-17.129121526988	3	48.2582430539759
ENSG00000277258	29.3594655780216	-11.6797327890108	3	37.3594655780216
ENSG00000167600	42.4434379899991	-18.2217189949996	3	50.4434379899991
ENSG00000143379	43.5122928773185	-18.7561464386593	3	51.5122928773185
ENSG00000167604	25.4452437104031	-9.72262185520153	3	33.4452437104031
ENSG00000168118	56.2943817795497	-25.1471908897749	3	64.2943817795497
ENSG00000104852	62.3152664788259	-28.157633239413	3	70.3152664788259
ENSG00000262655	52.303639810563	-23.1518199052815	3	60.303639810563
ENSG00000111875	46.3284382538672	-20.1642191269336	3	54.3284382538672
ENSG00000075240	54.3288237870352	-24.1644118935176	3	62.3288237870352
ENSG00000143369	63.3263306557423	-28.6631653278712	3	71.3263306557423
ENSG00000169607	18.0961879504742	-6.04809397523711	3	26.0961879504742
ENSG00000169604	51.4784287276176	-22.7392143638088	3	59.4784287276176
ENSG00000169605	61.0331079860279	-27.5165539930139	3	69.0331079860279
ENSG00000169609	55.8871207766861	-24.943560388343	3	63.8871207766861
ENSG00000181781	8.36017201366604	-1.18008600683302	3	16.360172013666
ENSG00000096717	45.5200943956145	-19.7600471978073	3	53.5200943956145
ENSG00000175449	46.4992863902437	-20.2496431951218	3	54.4992863902437
ENSG00000146112	40.0726206377157	-17.0363103188579	3	48.0726206377157
ENSG00000175445	115.675368175651	-54.8376840878257	3	123.675368175651
ENSG00000094841	35.25028130383	-14.625140651915	3	43.25028130383
ENSG00000146232	27.5431070154666	-10.7715535077333	3	35.5431070154666
ENSG00000109991	24.9139718235937	-9.45698591179687	3	32.9139718235937
ENSG00000131435	44.4312393991069	-19.2156196995534	3	52.4312393991069
ENSG00000139508	45.9372265455585	-19.9686132727793	3	53.9372265455585
ENSG00000099381	23.9015985474029	-8.95079927370146	3	31.9015985474029
ENSG00000046647	35.1981650637208	-14.5990825318604	3	43.1981650637208
ENSG00000119723	38.0233104519032	-16.0116552259516	3	46.0233104519032
ENSG00000119720	29.2024171083179	-11.6012085541589	3	37.2024171083179
ENSG00000143952	48.3407075861819	-21.1703537930909	3	56.3407075861819
ENSG00000119725	41.9939295903826	-17.9969647951913	3	49.9939295903826
ENSG00000147421	58.693692060481	-26.3468460302405	3	66.693692060481
ENSG00000111254	21.9155849220442	-7.9577924610221	3	29.9155849220442
ENSG00000111252	29.3951185107656	-11.6975592553828	3	37.3951185107656
ENSG00000079435	88.1273039028329	-41.0636519514164	3	96.1273039028329
ENSG00000228716	45.4746742849691	-19.7373371424845	3	53.4746742849691
ENSG00000079432	34.4021909848246	-14.2010954924123	3	42.4021909848246
ENSG00000147010	53.6609834200456	-23.8304917100228	3	61.6609834200456
ENSG00000188001	57.0941149978153	-25.5470574989076	3	65.0941149978153
ENSG00000135736	45.7151712458617	-19.8575856229308	3	53.7151712458617
ENSG00000142534	123.534760861663	-58.7673804308317	3	131.534760861663
ENSG00000149503	38.7669843934873	-16.3834921967437	3	46.7669843934873
ENSG00000164400	-9.1382060862851	7.56910304314255	3	-1.1382060862851
ENSG00000165606	9.26275255409314	-1.63137627704657	3	17.2627525540931
ENSG00000165972	22.8951328466258	-8.44756642331289	3	30.8951328466258
ENSG00000165609	66.836595362406	-30.418297681203	3	74.836595362406
ENSG00000184445	30.1183229985513	-12.0591614992756	3	38.1183229985513
ENSG00000164405	106.430264507176	-50.215132253588	3	114.430264507176
ENSG00000163728	50.5164226188674	-22.2582113094337	3	58.5164226188674
ENSG00000162763	14.8845881566035	-4.44229407830177	3	22.8845881566035
ENSG00000084674	26.8752348158076	-10.4376174079038	3	34.8752348158076
ENSG00000213995	49.3672605161525	-21.6836302580763	3	57.3672605161525
ENSG00000198734	42.1161572226703	-18.0580786113351	3	50.1161572226703
ENSG00000187068	41.8647837019594	-17.9323918509797	3	49.8647837019594
ENSG00000181378	-15.2815186465443	10.6407593232721	3	-7.2815186465443
ENSG00000114209	64.1026730208763	-29.0513365104382	3	72.1026730208763
ENSG00000118231	-18.0111654320693	12.0055827160347	3	-10.0111654320693
ENSG00000166669	30.6907907932217	-12.3453953966108	3	38.6907907932217
ENSG00000114204	-20.222334306585	13.1111671532925	3	-12.222334306585
ENSG00000114757	13.7812862408735	-3.89064312043673	3	21.7812862408735
ENSG00000115159	47.3797562085777	-20.6898781042889	3	55.3797562085777
ENSG00000162777	45.571578121459	-19.7857890607295	3	53.571578121459
ENSG00000119185	74.1377771439561	-34.0688885719781	3	82.1377771439561
ENSG00000090013	65.973238648421	-29.9866193242105	3	73.973238648421
ENSG00000095002	31.2276716419202	-12.6138358209601	3	39.2276716419202
ENSG00000147601	54.3864412442729	-24.1932206221365	3	62.3864412442729
ENSG00000070366	39.8392347717928	-16.9196173858964	3	47.8392347717928
ENSG00000070367	55.2310627789896	-24.6155313894948	3	63.2310627789896
ENSG00000152954	21.8356186158285	-7.91780930791426	3	29.8356186158285
ENSG00000149428	41.3962630623674	-17.6981315311837	3	49.3962630623674
ENSG00000157470	35.6970979573539	-14.8485489786769	3	43.6970979573539
ENSG00000166211	13.3678314315817	-3.68391571579083	3	21.3678314315817
ENSG00000108963	49.1587877498108	-21.5793938749054	3	57.1587877498108
ENSG00000108960	72.4678373104718	-33.2339186552359	3	80.4678373104718
ENSG00000136425	54.6737966065493	-24.3368983032746	3	62.6737966065493
ENSG00000196235	53.5104325400437	-23.7552162700219	3	61.5104325400437
ENSG00000158195	48.8632054893741	-21.431602744687	3	56.8632054893741
ENSG00000138138	50.100292095365	-22.0501460476825	3	58.100292095365
ENSG00000138136	-6.44505803305389	6.22252901652695	3	1.55494196694611
ENSG00000138134	29.6951793823916	-11.8475896911958	3	37.6951793823916
ENSG00000138135	33.0455908612488	-13.5227954306244	3	41.0455908612488
ENSG00000060642	33.0395530422623	-13.5197765211311	3	41.0395530422623
ENSG00000222011	36.7545111090335	-15.3772555545167	3	44.7545111090335
ENSG00000128652	25.2390556481435	-9.61952782407176	3	33.2390556481435
ENSG00000116981	18.7502586375624	-6.37512931878119	3	26.7502586375624
ENSG00000196660	1.06738022264116	2.46630988867942	3	9.06738022264116
ENSG00000128654	53.6062446724144	-23.8031223362072	3	61.6062446724144
ENSG00000116984	55.90632621379	-24.953163106895	3	63.90632621379
ENSG00000182132	40.7221202680191	-17.3610601340095	3	48.7221202680191
ENSG00000182134	62.1519394814739	-28.0759697407369	3	70.1519394814739
ENSG00000090097	38.9393314725192	-16.4696657362596	3	46.9393314725192
ENSG00000091490	25.5079971296555	-9.75399856482774	3	33.5079971296555
ENSG00000122034	63.0632877731588	-28.5316438865794	3	71.0632877731588
ENSG00000157211	-8.77483365893281	7.3874168294664	3	-0.774833658932808
ENSG00000157212	25.4397616995764	-9.7198808497882	3	33.4397616995764
ENSG00000122741	36.0679551908133	-15.0339775954066	3	44.0679551908133
ENSG00000173230	56.9125587452047	-25.4562793726024	3	64.9125587452047
ENSG00000157216	48.8160996602115	-21.4080498301057	3	56.8160996602115
ENSG00000122033	68.9865811523431	-31.4932905761715	3	76.9865811523431
ENSG00000123154	50.5107637512348	-22.2553818756174	3	58.5107637512348
ENSG00000251692	22.1268341843412	-8.06341709217062	3	30.1268341843412
ENSG00000121211	31.7202965803703	-12.8601482901851	3	39.7202965803703
ENSG00000174010	39.4838554678131	-16.7419277339065	3	47.4838554678131
ENSG00000174013	31.3136061003644	-12.6568030501822	3	39.3136061003644
ENSG00000174015	-9.38204520833723	7.69102260416861	3	-1.38204520833723
ENSG00000184863	47.7016235830628	-20.8508117915314	3	55.7016235830628
ENSG00000183019	37.9500742271222	-15.9750371135611	3	45.9500742271222
ENSG00000184860	22.222240197035	-8.11112009851749	3	30.222240197035
ENSG00000178217	16.1691197022424	-5.08455985112122	3	24.1691197022424
ENSG00000164733	89.832983805252	-41.916491902626	3	97.832983805252
ENSG00000108219	46.7384404808274	-20.3692202404137	3	54.7384404808274
ENSG00000119986	78.4890123745963	-36.2445061872982	3	86.4890123745963
ENSG00000120333	76.6282252227344	-35.3141126113672	3	84.6282252227344
ENSG00000083123	51.6765649950668	-22.8382824975334	3	59.6765649950668
ENSG00000076003	37.6158627268157	-15.8079313634079	3	45.6158627268157
ENSG00000116329	-21.3035778165524	13.6517889082762	3	-13.3035778165524
ENSG00000076554	62.8158992396421	-28.4079496198211	3	70.8158992396421
ENSG00000164465	36.8564077727385	-15.4282038863693	3	44.8564077727385
ENSG00000182545	-10.368297305155	8.18414865257748	3	-2.36829730515495
ENSG00000171872	-8.4131016821762	7.2065508410881	3	-0.413101682176197
ENSG00000087111	39.2096600913273	-16.6048300456637	3	47.2096600913273
ENSG00000136628	48.5685527050752	-21.2842763525376	3	56.5685527050752
ENSG00000151131	52.9925435149609	-23.4962717574805	3	60.9925435149609
ENSG00000179046	1.91362543842667	2.04318728078666	3	9.91362543842667
ENSG00000151135	64.6412171954668	-29.3206085977334	3	72.6412171954668
ENSG00000125246	45.7033810381452	-19.8516905190726	3	53.7033810381452
ENSG00000101146	44.437290267286	-19.218645133643	3	52.437290267286
ENSG00000170044	14.9095469591609	-4.45477347958044	3	22.9095469591609
ENSG00000125245	21.2345397011635	-7.61726985058173	3	29.2345397011635
ENSG00000154743	43.7126719470974	-18.8563359735487	3	51.7126719470974
ENSG00000170043	57.9906080240852	-25.9953040120426	3	65.9906080240852
ENSG00000173726	91.3085467182502	-42.6542733591251	3	99.3085467182502
ENSG00000150628	-1.02267285217771	3.51133642608885	3	6.97732714782229
ENSG00000104518	43.0978165202408	-18.5489082601204	3	51.0978165202408
ENSG00000104517	42.0954644949116	-18.0477322474558	3	50.0954644949116
ENSG00000124194	23.3675067480222	-8.6837533740111	3	31.3675067480222
ENSG00000175274	52.5557061384071	-23.2778530692036	3	60.5557061384071
ENSG00000100811	63.3340006143569	-28.6670003071785	3	71.3340006143569
ENSG00000124191	12.2134589172828	-3.10672945864142	3	20.2134589172828
ENSG00000171790	3.79377149561093	1.10311425219454	3	11.7937714956109
ENSG00000100814	47.9613188518014	-20.9806594259007	3	55.9613188518014
ENSG00000171792	36.5615623261932	-15.2807811630966	3	44.5615623261932
ENSG00000163012	29.8192415241536	-11.9096207620768	3	37.8192415241536
ENSG00000163792	-0.464214276070448	3.23210713803522	3	7.53578572392955
ENSG00000151687	36.7868094982196	-15.3934047491098	3	44.7868094982196
ENSG00000239306	65.9472172493217	-29.9736086246609	3	73.9472172493217
ENSG00000239305	49.6671909406855	-21.8335954703427	3	57.6671909406855
ENSG00000114126	56.0746725295751	-25.0373362647875	3	64.0746725295751
ENSG00000151689	45.3615389448152	-19.6807694724076	3	53.3615389448152
ENSG00000170222	30.8994891451748	-12.4497445725874	3	38.8994891451748
ENSG00000170955	68.0107884539426	-31.0053942269713	3	76.0107884539426
ENSG00000174276	33.4217460185537	-13.7108730092769	3	41.4217460185537
ENSG00000121073	45.5380180416563	-19.7690090208281	3	53.5380180416563
ENSG00000163794	-1.90253947756274	3.95126973878137	3	6.09746052243726
ENSG00000124370	68.1166551189564	-31.0583275594782	3	76.1166551189564
ENSG00000124374	66.7985644745607	-30.3992822372804	3	74.7985644745607
ENSG00000175054	37.1947582643473	-15.5973791321736	3	45.1947582643473
ENSG00000111404	39.162469499287	-16.5812347496435	3	47.162469499287
ENSG00000142700	-19.9758670328343	12.9879335164172	3	-11.9758670328343
ENSG00000135502	34.155992863798	-14.077996431899	3	42.155992863798
ENSG00000187889	29.6012689253821	-11.800634462691	3	37.6012689253821
ENSG00000135506	65.4640313699153	-29.7320156849577	3	73.4640313699153
ENSG00000185015	36.1599563295023	-15.0799781647512	3	44.1599563295023
ENSG00000123977	2.95063977577249	1.52468011211376	3	10.9506397757725
ENSG00000123975	73.570818201184	-33.785409100592	3	81.570818201184
ENSG00000185019	17.8907926736888	-5.94539633684442	3	25.8907926736888
ENSG00000167625	13.6695780932089	-3.83478904660447	3	21.6695780932089
ENSG00000162144	37.1023044469407	-15.5511522234704	3	45.1023044469407
ENSG00000089234	44.3872226374569	-19.1936113187284	3	52.3872226374569
ENSG00000203970	-3.22403808019155	4.61201904009577	3	4.77596191980845
ENSG00000203972	5.55585739808586	0.222071300957068	3	13.5558573980859
ENSG00000092067	-16.4507575804895	11.2253787902448	3	-8.45075758048953
ENSG00000184650	15.0713357499423	-4.53566787497114	3	23.0713357499423
ENSG00000129195	-2.70690906608073	4.35345453304036	3	5.29309093391927
ENSG00000169946	40.0321421481814	-17.0160710740907	3	48.0321421481814
ENSG00000163702	36.0946398724608	-15.0473199362304	3	44.0946398724608
ENSG00000041802	48.9713137973446	-21.4856568986723	3	56.9713137973446
ENSG00000103544	43.385019746826	-18.692509873413	3	51.385019746826
ENSG00000102763	34.4231228430724	-14.2115614215362	3	42.4231228430724
ENSG00000102760	124.882618173319	-59.4413090866594	3	132.882618173319
ENSG00000134900	50.1855663113624	-22.0927831556812	3	58.1855663113624
ENSG00000134905	42.9951962335895	-18.4975981167947	3	50.9951962335895
ENSG00000109794	66.7947892658599	-30.3973946329299	3	74.7947892658599
ENSG00000131378	50.1030353415747	-22.0515176707874	3	58.1030353415747
ENSG00000131375	47.0795499443358	-20.5397749721679	3	55.0795499443358
ENSG00000131374	57.2451334726984	-25.6225667363492	3	65.2451334726984
ENSG00000131373	62.1731923552607	-28.0865961776304	3	70.1731923552607
ENSG00000147481	4.92581824776451	0.537090876117744	3	12.9258182477645
ENSG00000131370	69.2403776614662	-31.6201888307331	3	77.2403776614662
ENSG00000188306	-3.13276306319286	4.56638153159643	3	4.86723693680714
ENSG00000123353	56.4277184959499	-25.2138592479749	3	64.4277184959499
ENSG00000068885	37.748887666705	-15.8744438333525	3	45.748887666705
ENSG00000136856	22.775449830262	-8.38772491513098	3	30.775449830262
ENSG00000110318	27.7881223185702	-10.8940611592851	3	35.7881223185702
ENSG00000132570	84.2949073434772	-39.1474536717386	3	92.2949073434772
ENSG00000110315	56.6502944104195	-25.3251472052097	3	64.6502944104195
ENSG00000003249	48.550408600753	-21.2752043003765	3	56.550408600753
ENSG00000184271	30.8970705231192	-12.4485352615596	3	38.8970705231192
ENSG00000186871	4.33282084799534	0.833589576002329	3	12.3328208479953
ENSG00000163110	60.1862861789658	-27.0931430894829	3	68.1862861789658
ENSG00000167414	40.6146484449808	-17.3073242224904	3	48.6146484449808
ENSG00000143033	31.8536753034085	-12.9268376517042	3	39.8536753034085
ENSG00000143032	-32.5867664283025	19.2933832141512	3	-24.5867664283025
ENSG00000163116	21.1093354395853	-7.55466771979267	3	29.1093354395853
ENSG00000065457	30.4505043738275	-12.2252521869137	3	38.4505043738275
ENSG00000166548	52.9703235881117	-23.4851617940559	3	60.9703235881117
ENSG00000162643	9.88463610018265	-1.94231805009132	3	17.8846361001826
ENSG00000162642	50.899184980734	-22.449592490367	3	58.899184980734
ENSG00000185909	47.2389837978169	-20.6194918989084	3	55.2389837978169
ENSG00000188761	46.6612239173869	-20.3306119586934	3	54.6612239173869
ENSG00000166546	15.2316965804819	-4.61584829024097	3	23.2316965804819
ENSG00000185900	39.0472739438731	-16.5236369719366	3	47.0472739438731
ENSG00000157045	70.1847231118328	-32.0923615559164	3	78.1847231118328
ENSG00000108774	67.8616802102009	-30.9308401051005	3	75.8616802102009
ENSG00000146281	70.8727296312887	-32.4363648156444	3	78.8727296312887
ENSG00000146282	49.5814962609974	-21.7907481304987	3	57.5814962609974
ENSG00000164088	52.0873617896957	-23.0436808948479	3	60.0873617896957
ENSG00000063854	54.7179003896009	-24.3589501948004	3	62.7179003896009
ENSG00000115364	53.7371714535931	-23.8685857267966	3	61.7371714535931
ENSG00000115365	62.4735856305983	-28.2367928152992	3	70.4735856305983
ENSG00000184056	44.9616358328809	-19.4808179164405	3	52.9616358328809
ENSG00000115363	41.5830459219244	-17.7915229609622	3	49.5830459219244
ENSG00000168495	34.7465829759148	-14.3732914879574	3	42.7465829759148
ENSG00000168496	26.5496649783768	-10.2748324891884	3	34.5496649783768
ENSG00000168497	73.3817969660782	-33.6908984830391	3	81.3817969660782
ENSG00000116906	68.2487193824468	-31.1243596912234	3	76.2487193824468
ENSG00000162390	6.06364678330737	-0.0318233916536831	3	14.0636467833074
ENSG00000162460	3.83639348307959	1.08180325846021	3	11.8363934830796
ENSG00000162399	32.7848523130006	-13.3924261565003	3	40.7848523130006
ENSG00000162398	12.8629163311577	-3.43145816557887	3	20.8629163311577
ENSG00000241399	88.3464230447886	-41.1732115223943	3	96.3464230447886
ENSG00000114942	96.8864430344998	-45.4432215172499	3	104.8864430345
ENSG00000126453	29.4670941894255	-11.7335470947127	3	37.4670941894255
ENSG00000108511	27.6565293544679	-10.828264677234	3	35.6565293544679
ENSG00000126456	49.9399606165918	-21.9699803082959	3	57.9399606165918
ENSG00000132394	17.1355935062019	-5.56779675310093	3	25.1355935062019
ENSG00000151917	42.4787568084273	-18.2393784042136	3	50.4787568084273
ENSG00000129465	53.016621541656	-23.508310770828	3	61.016621541656
ENSG00000129460	38.4909011197768	-16.2454505598884	3	46.4909011197768
ENSG00000145391	69.0378193870721	-31.5189096935361	3	77.0378193870721
ENSG00000177108	21.0763558642142	-7.53817793210712	3	29.0763558642142
ENSG00000137100	74.1686415961562	-34.0843207980781	3	82.1686415961562
ENSG00000137101	19.254479128228	-6.62723956411401	3	27.254479128228
ENSG00000137106	53.9432640788584	-23.9716320394292	3	61.9432640788584
ENSG00000141552	95.2231984071157	-44.6115992035579	3	103.223198407116
ENSG00000180190	32.6771976936371	-13.3385988468185	3	40.6771976936371
ENSG00000147869	12.2401977886724	-3.1200988943362	3	20.2401977886724
ENSG00000173930	12.6642035867642	-3.3321017933821	3	20.6642035867642
ENSG00000173681	36.121523601255	-15.0607618006275	3	44.121523601255
ENSG00000185652	23.9798302882471	-8.98991514412356	3	31.9798302882471
ENSG00000185650	62.8488571424494	-28.4244285712247	3	70.8488571424494
ENSG00000101442	24.671671271879	-9.33583563593948	3	32.671671271879
ENSG00000101335	85.7362492549564	-39.8681246274782	3	93.7362492549564
ENSG00000101440	81.5169173341224	-37.7584586670612	3	89.5169173341224
ENSG00000158296	10.5275986170968	-2.26379930854838	3	18.5275986170968
ENSG00000101447	2.45568877307536	1.77215561346232	3	10.4556887730754
ENSG00000101445	39.0036752746265	-16.5018376373132	3	47.0036752746265
ENSG00000084110	19.1554915304771	-6.57774576523856	3	27.1554915304771
ENSG00000180228	51.9700207716768	-22.9850103858384	3	59.9700207716768
ENSG00000164941	45.0802797735558	-19.5401398867779	3	53.0802797735558
ENSG00000137814	42.8586167455064	-18.4293083727532	3	50.8586167455064
ENSG00000137815	34.155839805522	-14.077919902761	3	42.155839805522
ENSG00000164944	54.6209246405645	-24.3104623202823	3	62.6209246405645
ENSG00000137819	37.5872365668456	-15.7936182834228	3	45.5872365668456
ENSG00000172331	43.1462491236232	-18.5731245618116	3	51.1462491236232
ENSG00000113328	94.4142878029422	-44.2071439014711	3	102.414287802942
ENSG00000186104	36.8087284265559	-15.4043642132779	3	44.8087284265559
ENSG00000173065	25.3986752039761	-9.69933760198807	3	33.3986752039761
ENSG00000129071	40.7807909849436	-17.3903954924718	3	48.7807909849436
ENSG00000183559	-29.8885758446991	17.9442879223495	3	-21.8885758446991
ENSG00000163629	50.6448205401309	-22.3224102700655	3	58.6448205401309
ENSG00000145708	38.3120325193348	-16.1560162596674	3	46.3120325193348
ENSG00000139372	39.1959461655942	-16.5979730827971	3	47.1959461655942
ENSG00000125901	54.2768472662799	-24.13842363314	3	62.2768472662799
ENSG00000196083	50.6145901080811	-22.3072950540406	3	58.6145901080811
ENSG00000121680	58.0677142115834	-26.0338571057917	3	66.0677142115834
ENSG00000205208	58.2949168110783	-26.1474584055391	3	66.2949168110783
ENSG00000138092	28.8606546909991	-11.4303273454995	3	36.8606546909991
ENSG00000138095	50.4336510430923	-22.2168255215461	3	58.4336510430923
ENSG00000141469	54.4311306795112	-24.2155653397556	3	62.4311306795112
ENSG00000116663	53.3171189497645	-23.6585594748822	3	61.3171189497645
ENSG00000116667	97.180391664073	-45.5901958320365	3	105.180391664073
ENSG00000020129	29.6524330283339	-11.8262165141669	3	37.6524330283339
ENSG00000196407	24.1286636061273	-9.06433180306364	3	32.1286636061273
ENSG00000116668	40.3881538109495	-17.1940769054748	3	48.3881538109495
ENSG00000113492	24.6830833359358	-9.34154166796789	3	32.6830833359358
ENSG00000117133	57.1470216281969	-25.5735108140984	3	65.1470216281969
ENSG00000085998	38.8423523917628	-16.4211761958814	3	46.8423523917628
ENSG00000113494	71.044603323916	-32.522301661958	3	79.044603323916
ENSG00000080618	16.505640659894	-5.25282032994703	3	24.505640659894
ENSG00000085224	58.1657734206994	-26.0828867103497	3	66.1657734206995
ENSG00000158874	64.6003343144181	-29.3001671572091	3	72.6003343144181
ENSG00000144118	56.8004812386077	-25.4002406193038	3	64.8004812386077
ENSG00000081692	32.7192081473709	-13.3596040736854	3	40.7192081473709
ENSG00000100311	34.9720396958997	-14.4860198479499	3	42.9720396958997
ENSG00000150433	38.9401594821567	-16.4700797410783	3	46.9401594821567
ENSG00000104671	50.6676941861565	-22.3338470930783	3	58.6676941861565
ENSG00000155115	72.2903063577224	-33.1451531788612	3	80.2903063577224
ENSG00000100314	5.3216261320941	0.339186933952948	3	13.3216261320941
ENSG00000277893	5.0781701938523	0.460914903073849	3	13.0781701938523
ENSG00000100319	40.2160944765273	-17.1080472382636	3	48.2160944765273
ENSG00000152219	46.6592636938775	-20.3296318469388	3	54.6592636938775
ENSG00000131142	19.0862190438525	-6.54310952192625	3	27.0862190438525
ENSG00000147256	-9.08924612102824	7.54462306051412	3	-1.08924612102824
ENSG00000110675	22.3711936862078	-8.18559684310388	3	30.3711936862078
ENSG00000203780	12.851094349218	-3.42554717460901	3	20.851094349218
ENSG00000103852	41.2763973936887	-17.6381986968443	3	49.2763973936887
ENSG00000198732	51.6454508848468	-22.8227254424234	3	59.6454508848468
ENSG00000164051	23.1580901930612	-8.57904509653059	3	31.1580901930612
ENSG00000198730	43.5712133966808	-18.7856066983404	3	51.5712133966808
ENSG00000275722	66.7579655509844	-30.3789827754922	3	74.7579655509844
ENSG00000032742	47.142431092548	-20.571215546274	3	55.142431092548
ENSG00000164056	70.8727355302643	-32.4363677651321	3	78.8727355302643
ENSG00000182685	8.74507824655596	-1.37253912327798	3	16.745078246556
ENSG00000182687	5.3606958684247	0.319652065787649	3	13.3606958684247
ENSG00000112812	19.113316421455	-6.55665821072751	3	27.113316421455
ENSG00000128309	50.3630338534494	-22.1815169267247	3	58.3630338534494
ENSG00000161664	22.8597394768077	-8.42986973840384	3	30.8597394768077
ENSG00000100234	79.1207730367277	-36.5603865183639	3	87.1207730367277
ENSG00000078898	-9.71535222211005	7.85767611105503	3	-1.71535222211005
ENSG00000064195	0.263849439098901	2.86807528045055	3	8.2638494390989
ENSG00000160282	-11.6962653279092	8.84813266395461	3	-3.69626532790921
ENSG00000160285	55.7834830010738	-24.8917415005369	3	63.7834830010738
ENSG00000160539	23.4297033755219	-8.71485168776096	3	31.4297033755219
ENSG00000064199	52.1542515071377	-23.0771257535688	3	60.1542515071377
ENSG00000181016	39.2225528903737	-16.6112764451869	3	47.2225528903737
ENSG00000086758	54.5012703654391	-24.2506351827195	3	62.5012703654391
ENSG00000198598	22.8918721262972	-8.44593606314858	3	30.8918721262972
ENSG00000198597	-18.6694288113627	12.3347144056813	3	-10.6694288113627
ENSG00000181019	70.96293991573	-32.481469957865	3	78.96293991573
ENSG00000132881	42.8411453904923	-18.4205726952462	3	50.8411453904923
ENSG00000083093	29.0279160814425	-11.5139580407213	3	37.0279160814425
ENSG00000125319	-2.52049715274836	4.26024857637418	3	5.47950284725164
ENSG00000171960	58.2979076108036	-26.1489538054018	3	66.2979076108035
ENSG00000120210	12.9389529677885	-3.46947648389423	3	20.9389529677885
ENSG00000075914	50.5223214982156	-22.2611607491078	3	58.5223214982156
ENSG00000103375	56.8073830134987	-25.4036915067493	3	64.8073830134987
ENSG00000162723	26.8213038202775	-10.4106519101387	3	34.8213038202775
ENSG00000169660	31.681102164953	-12.8405510824765	3	39.681102164953
ENSG00000156298	58.9762753440209	-26.4881376720104	3	66.9762753440208
ENSG00000168398	29.6317772626586	-11.8158886313293	3	37.6317772626586
ENSG00000168393	71.2786382527424	-32.6393191263712	3	79.2786382527424
ENSG00000168397	40.8152684790799	-17.4076342395399	3	48.8152684790799
ENSG00000197822	44.9300690075558	-19.4650345037779	3	52.9300690075558
ENSG00000130751	15.4605292978329	-4.73026464891646	3	23.4605292978329
ENSG00000154114	37.4450050140197	-15.7225025070098	3	45.4450050140197
ENSG00000139370	43.62077941941	-18.810389709705	3	51.62077941941
ENSG00000092470	25.7280635400597	-9.86403177002985	3	33.7280635400597
ENSG00000179776	53.3248047431728	-23.6624023715864	3	61.3248047431728
ENSG00000180425	40.5591462008085	-17.2795731004042	3	48.5591462008085
ENSG00000180424	0.992115050521324	2.50394247473934	3	8.99211505052132
ENSG00000180423	25.8637781337322	-9.93188906686609	3	33.8637781337322
ENSG00000147255	-0.75907757642226	3.37953878821113	3	7.24092242357774
ENSG00000147257	74.3793450414249	-34.1896725207124	3	82.3793450414249
ENSG00000131143	106.194307775938	-50.097153887969	3	114.194307775938
ENSG00000103152	37.0467335871202	-15.5233667935601	3	45.0467335871202
ENSG00000103150	52.2284421738216	-23.1142210869108	3	60.2284421738216
ENSG00000123500	13.6246530590017	-3.81232652950085	3	21.6246530590017
ENSG00000131148	55.3452588511938	-24.6726294255969	3	63.3452588511938
ENSG00000131149	45.7538733780412	-19.8769366890206	3	53.7538733780412
ENSG00000151475	33.982535052297	-13.9912675261485	3	41.982535052297
ENSG00000149346	33.9787086283089	-13.9893543141545	3	41.9787086283089
ENSG00000156127	32.7164484107302	-13.3582242053651	3	40.7164484107302
ENSG00000177354	11.2026705014785	-2.60133525073925	3	19.2026705014785
ENSG00000013523	30.9659053589812	-12.4829526794906	3	38.9659053589812
ENSG00000171217	11.265494364862	-2.632747182431	3	19.265494364862
ENSG00000167088	57.3253275167637	-25.6626637583818	3	65.3253275167637
ENSG00000111231	61.0185805288338	-27.5092902644169	3	69.0185805288338
ENSG00000135249	47.4550064530359	-20.7275032265179	3	55.4550064530359
ENSG00000135248	27.0749763589423	-10.5374881794711	3	35.0749763589423
ENSG00000168564	31.5353041867582	-12.7676520933791	3	39.5353041867582
ENSG00000111237	63.4450514832929	-28.7225257416465	3	71.4450514832929
ENSG00000135241	57.4487887383463	-25.7243943691732	3	65.4487887383463
ENSG00000166971	47.9625451331395	-20.9812725665697	3	55.9625451331395
ENSG00000166974	53.3454881992066	-23.6727440996033	3	61.3454881992066
ENSG00000166979	40.1736394385322	-17.0868197192661	3	48.1736394385322
ENSG00000068745	70.6801337207012	-32.3400668603506	3	78.6801337207012
ENSG00000064995	52.1240424685945	-23.0620212342973	3	60.1240424685945
ENSG00000168538	45.0717147276462	-19.5358573638231	3	53.0717147276462
ENSG00000163705	-10.912503945231	8.45625197261548	3	-2.91250394523095
ENSG00000163704	-4.56016807509931	5.28008403754965	3	3.43983192490069
ENSG00000122176	40.2950696167824	-17.1475348083912	3	48.2950696167824
ENSG00000163701	31.9944331769332	-12.9972165884666	3	39.9944331769332
ENSG00000167881	54.8950311910558	-24.4475155955279	3	62.8950311910558
ENSG00000055950	53.1789382168436	-23.5894691084218	3	61.1789382168436
ENSG00000213977	84.5773001732087	-39.2886500866043	3	92.5773001732087
ENSG00000043093	65.2391308879275	-29.6195654439638	3	73.2391308879275
ENSG00000149743	37.7483948989577	-15.8741974494788	3	45.7483948989577
ENSG00000184203	65.4642246641781	-29.7321123320891	3	73.4642246641781
ENSG00000118217	49.2603052047826	-21.6301526023913	3	57.2603052047826
ENSG00000114779	49.7770394666791	-21.8885197333395	3	57.7770394666791
ENSG00000115425	50.5112666968735	-22.2556333484367	3	58.5112666968735
ENSG00000148346	101.468180979859	-47.7340904899296	3	109.468180979859
ENSG00000148344	47.1035550956228	-20.5517775478114	3	55.1035550956228
ENSG00000115138	44.5770931387945	-19.2885465693972	3	52.5770931387945
ENSG00000148343	35.3300422126086	-14.6650211063043	3	43.3300422126086
ENSG00000148341	46.2249461060725	-20.1124730530363	3	54.2249461060725
ENSG00000146109	30.839115186725	-12.4195575933625	3	38.839115186725
ENSG00000205436	15.7281629629306	-4.86408148146528	3	23.7281629629306
ENSG00000047578	31.0241376613544	-12.5120688306772	3	39.0241376613544
ENSG00000173402	54.1385074201198	-24.0692537100599	3	62.1385074201198
ENSG00000144395	30.9495535374537	-12.4747767687269	3	38.9495535374537
ENSG00000166289	61.6702430718448	-27.8351215359224	3	69.6702430718448
ENSG00000136449	26.372242991255	-10.1861214956275	3	34.372242991255
ENSG00000146618	-22.9241430190485	14.4620715095243	3	-14.9241430190485
ENSG00000157184	44.0430556957525	-19.0215278478763	3	52.0430556957525
ENSG00000056972	49.4833876909963	-21.7416938454981	3	57.4833876909963
ENSG00000165953	25.2739473749943	-9.63697368749714	3	33.2739473749943
ENSG00000272636	32.8889142161203	-13.4444571080601	3	40.8889142161203
ENSG00000137714	72.6622923589848	-33.3311461794924	3	80.6622923589848
ENSG00000148123	7.31790246959855	-0.658951234799275	3	15.3179024695986
ENSG00000138400	26.7406309706271	-10.3703154853136	3	34.7406309706271
ENSG00000164530	109.524130492512	-51.7620652462561	3	117.524130492512
ENSG00000164535	47.8761084080622	-20.9380542040311	3	55.8761084080622
ENSG00000127990	51.8676849401552	-22.9338424700776	3	59.8676849401552
ENSG00000127993	35.4599544653601	-14.7299772326801	3	43.4599544653601
ENSG00000182118	71.3244275895747	-32.6622137947873	3	79.3244275895747
ENSG00000182117	105.100773444111	-49.5503867220556	3	113.100773444111
ENSG00000166024	39.3471005055788	-16.6735502527894	3	47.3471005055788
ENSG00000162073	30.8568080367862	-12.4284040183931	3	38.8568080367862
ENSG00000186352	39.1785855051692	-16.5892927525846	3	47.1785855051692
ENSG00000108187	49.4928262712285	-21.7464131356142	3	57.4928262712285
ENSG00000173212	27.9490318369325	-10.9745159184663	3	35.9490318369325
ENSG00000067167	65.195209286538	-29.597604643269	3	73.195209286538
ENSG00000165480	29.2716814290388	-11.6358407145194	3	37.2716814290388
ENSG00000165487	46.5555241470166	-20.2777620735083	3	54.5555241470166
ENSG00000184845	-3.44032210325968	4.72016105162984	3	4.55967789674032
ENSG00000178234	52.7262552250205	-23.3631276125103	3	60.7262552250205
ENSG00000184840	74.64115475242	-34.32057737621	3	82.64115475242
ENSG00000178233	20.3354441780086	-7.16772208900428	3	28.3354441780086
ENSG00000172977	37.3623005024014	-15.6811502512007	3	45.3623005024014
ENSG00000165568	49.5591594053417	-21.7795797026708	3	57.5591594053417
ENSG00000080572	14.4842162962714	-4.24210814813571	3	22.4842162962714
ENSG00000204347	-37.580281819201	21.7901409096005	3	-29.580281819201
ENSG00000120690	48.5597446462987	-21.2798723231493	3	56.5597446462987
ENSG00000158604	79.4004370344015	-36.7002185172007	3	87.4004370344015
ENSG00000204348	31.0611767164345	-12.5305883582173	3	39.0611767164345
ENSG00000101782	65.7691873938012	-29.8845936969006	3	73.7691873938012
ENSG00000196352	52.4028652200199	-23.2014326100099	3	60.4028652200199
ENSG00000163254	-24.8213368974736	15.4106684487368	3	-16.8213368974736
ENSG00000126259	-17.6110033680071	11.8055016840035	3	-9.61100336800707
ENSG00000168530	101.7314365099	-47.8657182549499	3	109.7314365099
ENSG00000151117	45.598611099229	-19.7993055496145	3	53.598611099229
ENSG00000151116	48.1768668811559	-21.088433440578	3	56.1768668811559
ENSG00000274749	-2583.92969942018	1294.96484971009	3	-2575.92969942018
ENSG00000113966	50.4404138273858	-22.2202069136929	3	58.4404138273858
ENSG00000101161	54.9490494282693	-24.4745247141346	3	62.9490494282693
ENSG00000101160	67.4419735737391	-30.7209867868696	3	75.4419735737391
ENSG00000196470	60.9244247850422	-27.4622123925211	3	68.9244247850422
ENSG00000196476	-12.6537725825328	9.32688629126641	3	-4.65377258253282
ENSG00000154767	36.1772339224125	-15.0886169612063	3	44.1772339224125
ENSG00000101166	70.4579601275042	-32.2289800637521	3	78.4579601275042
ENSG00000171772	27.2435502604221	-10.621775130211	3	35.2435502604221
ENSG00000124171	15.5049173186258	-4.7524586593129	3	23.5049173186258
ENSG00000175215	70.6554940951188	-32.3277470475594	3	78.6554940951188
ENSG00000104537	3.09398260924493	1.45300869537753	3	11.0939826092449
ENSG00000130150	48.5220585971135	-21.2610292985567	3	56.5220585971135
ENSG00000179546	-3.71474113954961	4.85737056977481	3	4.28525886045039
ENSG00000186654	43.6282265285002	-18.8141132642501	3	51.6282265285002
ENSG00000013374	57.5257547914304	-25.7628773957152	3	65.5257547914304
ENSG00000013375	69.6665281061364	-31.8332640530682	3	77.6665281061364
ENSG00000112164	1.17975250455795	2.41012374772102	3	9.17975250455795
ENSG00000129244	17.0807516495269	-5.54037582476345	3	25.0807516495269
ENSG00000170791	84.6426215964051	-39.3213107982026	3	92.6426215964051
ENSG00000174292	15.6539285642968	-4.82696428214841	3	23.6539285642968
ENSG00000019169	40.2245444684976	-17.1122722342488	3	48.2245444684976
ENSG00000111424	38.9159133780507	-16.4579566890253	3	46.9159133780507
ENSG00000171517	-0.939201318609336	3.46960065930467	3	7.06079868139066
ENSG00000197121	42.3261780279159	-18.163089013958	3	50.3261780279159
ENSG00000161835	43.3962728368601	-18.69813641843	3	51.3962728368601
ENSG00000169933	10.6376727439379	-2.31883637196894	3	18.6376727439379
ENSG00000135521	40.8782242815735	-17.4391121407867	3	48.8782242815735
ENSG00000135525	40.1213029453808	-17.0606514726904	3	48.1213029453808
ENSG00000117308	26.6609840851941	-10.3304920425971	3	34.6609840851941
ENSG00000072506	78.4199824994798	-36.2099912497399	3	86.4199824994798
ENSG00000111405	35.308327195223	-14.6541635976115	3	43.308327195223
ENSG00000121897	45.6676716455018	-19.8338358227509	3	53.6676716455018
ENSG00000121895	23.5679891499401	-8.78399457497006	3	31.5679891499401
ENSG00000006128	81.8543714867958	-37.9271857433979	3	89.8543714867958
ENSG00000213123	67.4786960256464	-30.7393480128232	3	75.4786960256464
ENSG00000042445	84.9435103522413	-39.4717551761206	3	92.9435103522413
ENSG00000156466	1.9503045631395	2.02484771843025	3	9.9503045631395
ENSG00000110887	26.674097586959	-10.3370487934795	3	34.674097586959
ENSG00000156463	32.942180839432	-13.471090419716	3	40.942180839432
ENSG00000110888	36.1834660857713	-15.0917330428857	3	44.1834660857713
ENSG00000198690	46.24749815878	-20.12374907939	3	54.24749815878
ENSG00000111684	51.5497179977841	-22.774858998892	3	59.5497179977841
ENSG00000103522	22.9235911246417	-8.46179556232086	3	30.9235911246417
ENSG00000176742	-38.4128161164477	22.2064080582238	3	-30.4128161164477
ENSG00000174928	36.5319086538529	-15.2659543269264	3	44.5319086538529
ENSG00000110080	46.7164227183072	-20.3582113591536	3	54.7164227183072
ENSG00000102921	53.7671858889377	-23.8835929444688	3	61.7671858889377
ENSG00000156603	48.5459202271089	-21.2729601135544	3	56.5459202271089
ENSG00000102924	6.76043927991199	-0.380219639955995	3	14.760439279912
ENSG00000134438	-18.6132181778785	12.3066090889392	3	-10.6132181778785
ENSG00000135387	70.9412149146127	-32.4706074573064	3	78.9412149146127
ENSG00000112214	46.8064667941941	-20.4032333970971	3	54.8064667941941
ENSG00000109917	46.5279000157643	-20.2639500078822	3	54.5279000157643
ENSG00000131351	36.6960848605459	-15.3480424302729	3	44.6960848605459
ENSG00000109919	64.2556712255461	-29.127835612773	3	72.2556712255461
ENSG00000112212	30.4226751506391	-12.2113375753195	3	38.4226751506391
ENSG00000139597	59.078510841467	-26.5392554207335	3	67.078510841467
ENSG00000118689	49.841327839407	-21.9206639197035	3	57.841327839407
ENSG00000178828	-38.3856460268731	22.1928230134366	3	-30.3856460268731
ENSG00000136875	30.3291177946257	-12.1645588973128	3	38.3291177946257
ENSG00000136874	43.1373284567156	-18.5686642283578	3	51.1373284567156
ENSG00000136877	50.2205649310896	-22.1102824655448	3	58.2205649310896
ENSG00000184210	9.63986739799763	-1.81993369899882	3	17.6398673979976
ENSG00000178796	57.6361308575857	-25.8180654287928	3	65.6361308575857
ENSG00000170989	41.7249876958476	-17.8624938479238	3	49.7249876958476
ENSG00000184216	52.3489988133062	-23.1744994066531	3	60.3489988133062
ENSG00000163131	79.8912271268893	-36.9456135634447	3	87.8912271268893
ENSG00000168701	60.119116238609	-27.0595581193045	3	68.1191162386091
ENSG00000106351	24.688760534165	-9.34438026708251	3	32.688760534165
ENSG00000188215	50.509954719696	-22.254977359848	3	58.509954719696
ENSG00000182326	78.187273989907	-36.0936369949535	3	86.187273989907
ENSG00000162664	54.2007344235231	-24.1003672117615	3	62.2007344235231
ENSG00000182329	1.18653524213127	2.40673237893437	3	9.18653524213127
ENSG00000185924	17.4602562410462	-5.73012812052312	3	25.4602562410462
ENSG00000215712	61.7511644441491	-27.8755822220745	3	69.7511644441491
ENSG00000115137	38.4293837536831	-16.2146918768416	3	46.4293837536831
ENSG00000204644	42.2712746733425	-18.1356373366713	3	50.2712746733425
ENSG00000163394	13.246761225444	-3.62338061272201	3	21.246761225444
ENSG00000163393	30.6754444652404	-12.3377222326202	3	38.6754444652404
ENSG00000115307	53.2978662129796	-23.6489331064898	3	61.2978662129796
ENSG00000071282	69.7441338927461	-31.8720669463731	3	77.7441338927461
ENSG00000114439	48.220568735196	-21.110284367598	3	56.220568735196
ENSG00000051180	7.20912390151021	-0.604561950755103	3	15.2091239015102
ENSG00000132801	17.6234241283705	-5.81171206418527	3	25.6234241283705
ENSG00000141579	24.8308820150176	-9.41544100750879	3	32.8308820150176
ENSG00000059769	59.1225204858242	-26.5612602429121	3	67.1225204858243
ENSG00000141570	16.1480822632069	-5.07404113160346	3	24.1480822632069
ENSG00000139637	43.5978643557763	-18.7989321778882	3	51.5978643557763
ENSG00000187742	51.4045435028122	-22.7022717514061	3	59.4045435028122
ENSG00000187741	28.9538624076321	-11.476931203816	3	36.9538624076321
ENSG00000172530	34.1836028857115	-14.0918014428557	3	42.1836028857115
ENSG00000173917	31.4854408374506	-12.7427204187253	3	39.4854408374506
ENSG00000146409	49.7992049810683	-21.8996024905341	3	57.7992049810683
ENSG00000173660	115.104054675447	-54.5520273377237	3	123.104054675447
ENSG00000173918	70.3416100336426	-32.1708050168213	3	78.3416100336426
ENSG00000165030	51.4821305260195	-22.7410652630098	3	59.4821305260195
ENSG00000185674	-5.03762588771245	5.51881294385623	3	2.96237411228755
ENSG00000154518	92.5372280721001	-43.2686140360501	3	100.5372280721
ENSG00000153237	9.52184418978923	-1.76092209489461	3	17.5218441897892
ENSG00000030066	33.6186816343705	-13.8093408171853	3	41.6186816343705
ENSG00000154511	50.3351688707034	-22.1675844353517	3	58.3351688707034
ENSG00000141759	66.8927837746091	-30.4463918873046	3	74.8927837746091
ENSG00000250799	7.51939214090935	-0.759696070454676	3	15.5193921409094
ENSG00000141753	71.3131537570807	-32.6565768785404	3	79.3131537570807
ENSG00000141750	28.7877215489206	-11.3938607744603	3	36.7877215489206
ENSG00000137831	61.0397170205738	-27.5198585102869	3	69.0397170205738
ENSG00000137834	33.2559431453885	-13.6279715726942	3	41.2559431453885
ENSG00000214046	104.697776129925	-49.3488880649625	3	112.697776129925
ENSG00000112305	46.4237292739566	-20.2118646369783	3	54.4237292739566
ENSG00000112655	31.9415110731279	-12.970755536564	3	39.9415110731279
ENSG00000112306	121.031465080814	-57.5157325404068	3	129.031465080814
ENSG00000112651	41.5162368240006	-17.7581184120003	3	49.5162368240006
ENSG00000127526	34.7217701315986	-14.3608850657993	3	42.7217701315986
ENSG00000070087	72.591543890595	-33.2957719452975	3	80.591543890595
ENSG00000070081	61.4554120510738	-27.7277060255369	3	69.4554120510738
ENSG00000112308	85.7890666427009	-39.8945333213505	3	93.7890666427009
ENSG00000112658	35.641031513677	-14.8205157568385	3	43.641031513677
