genename	AIC	lnL	k	AICC
ENSG00000168300	72.0380312667135	-33.0190156333567	3	80.0380312667135
ENSG00000092853	26.2360752683105	-10.1180376341553	3	34.2360752683105
ENSG00000109743	52.4822709884307	-23.2411354942153	3	60.4822709884307
ENSG00000127463	42.0753957180309	-18.0376978590154	3	50.0753957180309
ENSG00000180347	32.6687227650285	-13.3343613825143	3	40.6687227650285
ENSG00000143575	65.3904648811999	-29.6952324405999	3	73.3904648811999
ENSG00000118855	57.7075643225168	-25.8537821612584	3	65.7075643225168
ENSG00000080802	44.5288539813634	-19.2644269906817	3	52.5288539813634
ENSG00000185480	18.2817592845924	-6.14087964229619	3	26.2817592845924
ENSG00000163827	35.0728623025858	-14.5364311512929	3	43.0728623025858
ENSG00000115041	18.0822011348935	-6.04110056744673	3	26.0822011348935
ENSG00000138398	52.5729512456819	-23.286475622841	3	60.5729512456819
ENSG00000138399	41.3437315410131	-17.6718657705066	3	49.3437315410131
ENSG00000125826	51.5936297915787	-22.7968148957894	3	59.5936297915787
ENSG00000125827	55.8376799195302	-24.9188399597651	3	63.8376799195302
ENSG00000213551	54.0824333043311	-24.0412166521656	3	62.0824333043311
ENSG00000205323	68.7289285998617	-31.3644642999309	3	76.7289285998617
ENSG00000206418	63.7859008369724	-28.8929504184862	3	71.7859008369724
ENSG00000138395	12.3093785782458	-3.15468928912291	3	20.3093785782458
ENSG00000188997	46.4732855710039	-20.236642785502	3	54.4732855710039
ENSG00000166595	58.4963495636398	-26.2481747818199	3	66.4963495636398
ENSG00000166592	28.7621976351955	-11.3810988175978	3	36.7621976351955
ENSG00000188991	-15.8372620789071	10.9186310394536	3	-7.83726207890714
ENSG00000276023	49.2131566731979	-21.606578336599	3	57.2131566731979
ENSG00000126895	20.8953449773746	-7.44767248868729	3	28.8953449773746
ENSG00000186591	62.4463160892895	-28.2231580446447	3	70.4463160892895
ENSG00000152592	13.721043759318	-3.86052187965898	3	21.721043759318
ENSG00000101945	18.8740296486847	-6.43701482434236	3	26.8740296486847
ENSG00000077713	28.6662241377304	-11.3331120688652	3	36.6662241377304
ENSG00000101940	50.8976895755803	-22.4488447877901	3	58.8976895755803
ENSG00000101493	29.0608774370126	-11.5304387185063	3	37.0608774370126
ENSG00000119899	46.7359432363409	-20.3679716181705	3	54.7359432363409
ENSG00000004897	54.6456212507471	-24.3228106253735	3	62.6456212507471
ENSG00000164440	33.3577420517578	-13.6788710258789	3	41.3577420517578
ENSG00000148019	23.3805011280339	-8.69025056401694	3	31.3805011280339
ENSG00000104044	13.6931300466932	-3.84656502334658	3	21.6931300466932
ENSG00000104047	58.0683892976076	-26.0341946488038	3	66.0683892976076
ENSG00000198843	72.2037086329442	-33.1018543164721	3	80.2037086329442
ENSG00000198844	36.5449439742072	-15.2724719871036	3	44.5449439742072
ENSG00000150337	39.6006746036445	-16.8003373018222	3	47.6006746036445
ENSG00000198846	12.0050415006263	-3.00252075031317	3	20.0050415006263
ENSG00000130939	35.2251564099572	-14.6125782049786	3	43.2251564099572
ENSG00000130935	34.5741157442123	-14.2870578721062	3	42.5741157442123
ENSG00000159248	7.46203031178997	-0.731015155894984	3	15.46203031179
ENSG00000173451	47.0282503735106	-20.5141251867553	3	55.0282503735106
ENSG00000173452	6.85844521985048	-0.429222609925241	3	14.8584452198505
ENSG00000125355	34.2947136702715	-14.1473568351357	3	42.2947136702715
ENSG00000196505	41.5886621805846	-17.7943310902923	3	49.5886621805846
ENSG00000196503	32.1268118081835	-13.0634059040917	3	40.1268118081835
ENSG00000170153	45.074425872168	-19.537212936084	3	53.074425872168
ENSG00000121653	40.73862864124	-17.36931432062	3	48.73862864124
ENSG00000174109	65.8800138955385	-29.9400069477692	3	73.8800138955385
ENSG00000178301	20.9208139797401	-7.46040698987003	3	28.9208139797401
ENSG00000164190	50.3509504112192	-22.1754752056096	3	58.3509504112192
ENSG00000242715	26.7863600939493	-10.3931800469747	3	34.7863600939493
ENSG00000198901	24.383122178217	-9.19156108910848	3	32.383122178217
ENSG00000168438	42.2933597872754	-18.1466798936377	3	50.2933597872754
ENSG00000178307	47.7202067136106	-20.8601033568053	3	55.7202067136106
ENSG00000181904	81.3294427482522	-37.6647213741261	3	89.3294427482522
ENSG00000168824	38.8066722641084	-16.4033361320542	3	46.8066722641084
ENSG00000168827	49.6384335314276	-21.8192167657138	3	57.6384335314276
ENSG00000168826	14.1452274752205	-4.07261373761023	3	22.1452274752205
ENSG00000198908	34.2479687510958	-14.1239843755479	3	42.2479687510958
ENSG00000175857	23.2548766666269	-8.62743833331345	3	31.2548766666269
ENSG00000175854	62.6871981144125	-28.3435990572063	3	70.6871981144125
ENSG00000161011	80.5075566177205	-37.2537783088602	3	88.5075566177205
ENSG00000161010	59.5052847878258	-26.7526423939129	3	67.5052847878258
ENSG00000117632	63.8999782713058	-28.9499891356529	3	71.8999782713058
ENSG00000088726	14.1453640210728	-4.0726820105364	3	22.1453640210728
ENSG00000170370	25.4625626508892	-9.73128132544458	3	33.4625626508892
ENSG00000110060	35.4505591981375	-14.7252795990688	3	43.4505591981375
ENSG00000110066	47.4516568295655	-20.7258284147827	3	55.4516568295655
ENSG00000007545	15.7237511161152	-4.86187555805758	3	23.7237511161152
ENSG00000007541	39.5424703815387	-16.7712351907694	3	47.5424703815387
ENSG00000204711	35.9551671110887	-14.9775835555444	3	43.9551671110887
ENSG00000182450	12.6787107690933	-3.33935538454667	3	20.6787107690933
ENSG00000124882	16.0505672734767	-5.02528363673837	3	24.0505672734767
ENSG00000075856	43.2241488455101	-18.6120744227551	3	51.2241488455101
ENSG00000105605	-6.71265312828151	6.35632656414075	3	1.28734687171849
ENSG00000151065	24.6748991326208	-9.33744956631041	3	32.6748991326208
ENSG00000099910	34.9846232430032	-14.4923116215016	3	42.9846232430032
ENSG00000145882	26.3708922150635	-10.1854461075318	3	34.3708922150635
ENSG00000129083	50.8096653488523	-22.4048326744262	3	58.8096653488523
ENSG00000175505	22.6325187805368	-8.31625939026839	3	30.6325187805368
ENSG00000171681	49.745516315269	-21.8727581576345	3	57.745516315269
ENSG00000171680	30.2425385417771	-12.1212692708886	3	38.2425385417771
ENSG00000155966	30.3875481804538	-12.1937740902269	3	38.3875481804538
ENSG00000103091	34.7346870969133	-14.3673435484566	3	42.7346870969133
ENSG00000054118	59.5118812404669	-26.7559406202334	3	67.5118812404669
ENSG00000140612	66.1195321750117	-30.0597660875059	3	74.1195321750117
ENSG00000125686	45.4435800260102	-19.7217900130051	3	53.4435800260102
ENSG00000130427	-5.11808933797695	5.55904466898847	3	2.88191066202305
ENSG00000284308	-12.1649325499633	9.08246627498163	3	-4.16493254996326
ENSG00000198270	33.6054466035176	-13.8027233017588	3	41.6054466035176
ENSG00000124228	33.7676337858003	-13.8838168929001	3	41.7676337858003
ENSG00000143839	14.1253313796652	-4.06266568983261	3	22.1253313796652
ENSG00000124226	64.3777156609601	-29.1888578304801	3	72.3777156609601
ENSG00000171357	26.2655801079539	-10.132790053977	3	34.2655801079539
ENSG00000124222	49.6374574570648	-21.8187287285324	3	57.6374574570648
ENSG00000082512	37.6887996320062	-15.8443998160031	3	45.6887996320062
ENSG00000079246	63.864784103855	-28.9323920519275	3	71.864784103855
ENSG00000082516	38.3270595958087	-16.1635297979043	3	46.3270595958087
ENSG00000161904	44.2905717770683	-19.1452858885341	3	52.2905717770683
ENSG00000082515	56.855460227124	-25.427730113562	3	64.855460227124
ENSG00000185105	3.81116343462149	1.09441828268925	3	11.8111634346215
ENSG00000116497	40.7665529166968	-17.3832764583484	3	48.7665529166968
ENSG00000123684	59.417747179001	-26.7088735895005	3	67.417747179001
ENSG00000169193	58.9640185209748	-26.4820092604874	3	66.9640185209748
ENSG00000164949	65.6038197904541	-29.801909895227	3	73.6038197904541
ENSG00000169019	53.6416597777665	-23.8208298888832	3	61.6416597777665
ENSG00000169018	44.4706522973006	-19.2353261486503	3	52.4706522973006
ENSG00000047188	31.3308052145064	-12.6654026072532	3	39.3308052145064
ENSG00000169189	61.8803105799522	-27.9401552899761	3	69.8803105799522
ENSG00000205693	23.0113925259	-8.50569626295002	3	31.0113925259
ENSG00000109171	55.6406516143764	-24.8203258071882	3	63.6406516143764
ENSG00000075142	61.0202596228836	-27.5101298114418	3	69.0202596228836
ENSG00000058804	22.5579696897309	-8.27898484486544	3	30.5579696897309
ENSG00000249948	2.41562795594245	1.79218602202877	3	10.4156279559425
ENSG00000144366	56.4518803494083	-25.2259401747041	3	64.4518803494083
ENSG00000156738	36.9497794500141	-15.474889725007	3	44.9497794500141
ENSG00000156042	11.4692581719842	-2.73462908599209	3	19.4692581719842
ENSG00000156735	32.9044233966832	-13.4522116983416	3	40.9044233966832
ENSG00000105679	33.8877976156526	-13.9438988078263	3	41.8877976156526
ENSG00000148225	24.5776468773716	-9.28882343868578	3	32.5776468773716
ENSG00000031003	45.0470618134705	-19.5235309067352	3	53.0470618134705
ENSG00000105677	69.3142232434164	-31.6571116217082	3	77.3142232434164
ENSG00000105676	26.7298486494556	-10.3649243247278	3	34.7298486494556
ENSG00000131910	9.62845038405208	-1.81422519202604	3	17.6284503840521
ENSG00000213892	12.4163662579678	-3.20818312898389	3	20.4163662579678
ENSG00000243978	-16.5120862503525	11.2560431251763	3	-8.51208625035252
ENSG00000152749	62.1332866186011	-28.0666433093005	3	70.1332866186011
ENSG00000146755	4.26335883472343	0.868320582638287	3	12.2633588347234
ENSG00000181754	23.4566651179121	-8.72833255895603	3	31.4566651179121
ENSG00000178952	64.2936678966495	-29.1468339483247	3	72.2936678966495
ENSG00000181751	42.7406829669835	-18.3703414834918	3	50.7406829669835
ENSG00000163626	25.3155164672802	-9.65775823364011	3	33.3155164672802
ENSG00000184508	51.8771151303836	-22.9385575651918	3	59.8771151303836
ENSG00000117501	-0.445181774347763	3.22259088717388	3	7.55481822565224
ENSG00000142871	74.9655047880845	-34.4827523940422	3	82.9655047880845
ENSG00000105767	19.8530700352814	-6.92653501764071	3	27.8530700352814
ENSG00000106803	100.275289524603	-47.1376447623016	3	108.275289524603
ENSG00000143179	59.8219778920923	-26.9109889460461	3	67.8219778920923
ENSG00000115234	46.3240815364705	-20.1620407682352	3	54.3240815364705
ENSG00000119242	47.3543626656175	-20.6771813328087	3	55.3543626656175
ENSG00000115233	56.2162173081562	-25.1081086540781	3	64.2162173081562
ENSG00000171121	26.3523417661047	-10.1761708830524	3	34.3523417661047
ENSG00000131096	22.1951901461705	-8.09759507308527	3	30.1951901461705
ENSG00000131097	50.2476353002272	-22.1238176501136	3	58.2476353002272
ENSG00000136492	27.9156111097313	-10.9578055548656	3	35.9156111097313
ENSG00000136490	53.6927144499991	-23.8463572249996	3	61.6927144499991
ENSG00000080345	44.6404405843404	-19.3202202921702	3	52.6404405843404
ENSG00000151806	27.921717679981	-10.9608588399905	3	35.921717679981
ENSG00000129534	54.0256576700607	-24.0128288350303	3	62.0256576700607
ENSG00000177076	54.0417686821747	-24.0208843410874	3	62.0417686821747
ENSG00000221829	31.0792957433253	-12.5396478716626	3	39.0792957433253
ENSG00000119421	68.3774517516687	-31.1887258758344	3	76.3774517516687
ENSG00000073849	45.6014874041083	-19.8007437020542	3	53.6014874041083
ENSG00000138769	32.0758338520416	-13.0379169260208	3	40.0758338520416
ENSG00000138768	55.5015878159792	-24.7507939079896	3	63.5015878159792
ENSG00000158079	39.0343980398217	-16.5171990199109	3	47.0343980398217
ENSG00000158480	25.6743682449785	-9.83718412248927	3	33.6743682449785
ENSG00000184374	-10.3306733910226	8.16533669551131	3	-2.33067339102263
ENSG00000138764	56.0296541333267	-25.0148270666633	3	64.0296541333267
ENSG00000130540	1.65689150367466	2.17155424816267	3	9.65689150367466
ENSG00000159388	60.1752004020873	-27.0876002010436	3	68.1752004020873
ENSG00000109133	35.3447617664625	-14.6723808832313	3	43.3447617664625
ENSG00000157954	46.9623605660775	-20.4811802830388	3	54.9623605660775
ENSG00000165105	36.5074224941098	-15.2537112470549	3	44.5074224941098
ENSG00000198223	41.1998918252775	-17.5999459126388	3	49.1998918252775
ENSG00000101558	73.8575531135996	-33.9287765567998	3	81.8575531135996
ENSG00000154359	57.0305463988629	-25.5152731994314	3	65.0305463988629
ENSG00000010318	39.0749506114735	-16.5374753057367	3	47.0749506114735
ENSG00000101003	25.8484833094098	-9.92424165470491	3	33.8484833094098
ENSG00000101000	55.5102945756502	-24.7551472878251	3	63.5102945756502
ENSG00000010310	32.2894580187914	-13.1447290093957	3	40.2894580187914
ENSG00000101557	47.7499111469069	-20.8749555734535	3	55.7499111469069
ENSG00000164850	20.9629530468447	-7.48147652342234	3	28.9629530468447
ENSG00000116044	68.0297057377523	-31.0148528688761	3	76.0297057377523
ENSG00000141198	51.6145155841275	-22.8072577920638	3	59.6145155841275
ENSG00000104881	21.879810574205	-7.93990528710251	3	29.879810574205
ENSG00000130764	61.3871810489866	-27.6935905244933	3	69.3871810489866
ENSG00000173715	32.5970162021468	-13.2985081010734	3	40.5970162021468
ENSG00000130768	34.2080887223815	-14.1040443611907	3	42.2080887223815
ENSG00000113272	47.2863701888836	-20.6431850944418	3	55.2863701888836
ENSG00000122512	26.7204074503174	-10.3602037251587	3	34.7204074503174
ENSG00000126814	36.0999527322763	-15.0499763661382	3	44.0999527322763
ENSG00000185294	-37.9014221115574	21.9507110557787	3	-29.9014221115574
ENSG00000119938	48.4389508332859	-21.2194754166429	3	56.4389508332859
ENSG00000175893	44.5973067754956	-19.2986533877478	3	52.5973067754956
ENSG00000183625	5.22136414890211	0.389317925548947	3	13.2213641489021
ENSG00000157259	66.0462283367072	-30.0231141683536	3	74.0462283367072
ENSG00000183621	56.403046357901	-25.2015231789505	3	64.403046357901
ENSG00000148468	37.0901901155808	-15.5450950577904	3	45.0901901155808
ENSG00000253309	5.24756314728806	0.37621842635597	3	13.2475631472881
ENSG00000138182	30.0356051670053	-12.0178025835026	3	38.0356051670053
ENSG00000138180	9.16455657693771	-1.58227828846885	3	17.1645565769377
ENSG00000124159	36.2642793796193	-15.1321396898096	3	44.2642793796193
ENSG00000146592	30.6328004024208	-12.3164002012104	3	38.6328004024208
ENSG00000205177	22.7549301436718	-8.37746507183591	3	30.7549301436718
ENSG00000149305	21.4499056609334	-7.72495283046671	3	29.4499056609334
ENSG00000159650	5.36251657722942	0.318741711385292	3	13.3625165772294
ENSG00000130822	-2.40126019272632	4.20063009636316	3	5.59873980727368
ENSG00000256235	85.5833657846363	-39.7916828923181	3	93.5833657846363
ENSG00000107185	41.6284261983894	-17.8142130991947	3	49.6284261983894
ENSG00000120129	85.3787629066126	-39.6893814533063	3	93.3787629066126
ENSG00000006007	48.9511858610048	-21.4755929305024	3	56.9511858610048
ENSG00000154978	44.8974834447913	-19.4487417223957	3	52.8974834447913
ENSG00000154975	27.3126225811125	-10.6563112905563	3	35.3126225811125
ENSG00000196990	-32.8462977686587	19.4231488843293	3	-24.8462977686587
ENSG00000196998	47.7148696374894	-20.8574348187447	3	55.7148696374894
ENSG00000060140	17.3870296279365	-5.69351481396826	3	25.3870296279365
ENSG00000164270	19.8782676726341	-6.93913383631707	3	27.8782676726341
ENSG00000100207	42.1842365863856	-18.0921182931928	3	50.1842365863856
ENSG00000104980	40.487377804162	-17.243688902081	3	48.487377804162
ENSG00000104231	53.1744458312129	-23.5872229156064	3	61.1744458312129
ENSG00000104237	23.3458199583765	-8.67290997918826	3	31.3458199583765
ENSG00000100209	52.0960158660331	-23.0480079330165	3	60.0960158660331
ENSG00000155008	63.8528314382576	-28.9264157191288	3	71.8528314382576
ENSG00000151657	43.8354966518792	-18.9177483259396	3	51.8354966518792
ENSG00000176623	58.9131323206427	-26.4565661603213	3	66.9131323206427
ENSG00000176994	33.697625022247	-13.8488125111235	3	41.697625022247
ENSG00000067113	73.5431018663232	-33.7715509331616	3	81.5431018663232
ENSG00000204469	42.5990542161178	-18.2995271080589	3	50.5990542161178
ENSG00000178171	-42.3025793299422	24.1512896649711	3	-34.3025793299422
ENSG00000156928	55.8940495940317	-24.9470247970158	3	63.8940495940317
ENSG00000106588	71.951298461111	-32.9756492305555	3	79.951298461111
ENSG00000086288	18.3076288224615	-6.15381441123077	3	26.3076288224615
ENSG00000086289	70.4550918202397	-32.2275459101199	3	78.4550918202397
ENSG00000124762	66.9013711748501	-30.450685587425	3	74.9013711748501
ENSG00000171163	32.9759215133024	-13.4879607566512	3	40.9759215133024
ENSG00000171160	38.9086507464593	-16.4543253732297	3	46.9086507464593
ENSG00000168062	28.8064503145296	-11.4032251572648	3	36.8064503145296
ENSG00000100897	65.4256620633891	-29.7128310316945	3	73.4256620633891
ENSG00000171169	26.1852310997942	-10.0926155498971	3	34.1852310997942
ENSG00000164438	-33.7710324457827	19.8855162228913	3	-25.7710324457827
ENSG00000176194	100.314140670126	-47.1570703350632	3	108.314140670126
ENSG00000078674	64.5065864001278	-29.2532932000639	3	72.5065864001278
ENSG00000140807	23.2579477231134	-8.6289738615567	3	31.2579477231134
ENSG00000204421	30.0772401841218	-12.0386200920609	3	38.0772401841218
ENSG00000204427	49.7423223799908	-21.8711611899954	3	57.7423223799908
ENSG00000181104	49.8418637536163	-21.9209318768081	3	57.8418637536163
ENSG00000167778	39.8275952372578	-16.9137976186289	3	47.8275952372578
ENSG00000167779	80.948502707997	-37.4742513539985	3	88.948502707997
ENSG00000167772	65.9498940155565	-29.9749470077782	3	73.9498940155565
ENSG00000167775	59.9982284754904	-26.9991142377452	3	67.9982284754904
ENSG00000049449	71.7165888028645	-32.8582944014322	3	79.7165888028645
ENSG00000241852	13.2928209984587	-3.64641049922937	3	21.2928209984587
ENSG00000169515	44.3550720967554	-19.1775360483777	3	52.3550720967554
ENSG00000088930	49.8622065507001	-21.9311032753501	3	57.8622065507001
ENSG00000243566	8.06791983976765	-1.03395991988383	3	16.0679198397677
ENSG00000078902	68.3568672299284	-31.1784336149642	3	76.3568672299284
ENSG00000178567	44.1472609192368	-19.0736304596184	3	52.1472609192368
ENSG00000130829	-17.1485962975362	11.5742981487681	3	-9.14859629753617
ENSG00000178562	26.4832065621978	-10.2416032810989	3	34.4832065621978
ENSG00000248485	57.2533121468892	-25.6266560734446	3	65.2533121468892
ENSG00000007062	40.2374873251877	-17.1187436625938	3	48.2374873251877
ENSG00000023041	41.2829401082086	-17.6414700541043	3	49.2829401082086
ENSG00000168286	37.9432235948719	-15.971611797436	3	45.9432235948719
ENSG00000175711	30.3797443512789	-12.1898721756394	3	38.3797443512789
ENSG00000168288	71.6694785607275	-32.8347392803638	3	79.6694785607275
ENSG00000120913	50.0289980501172	-22.0144990250586	3	58.0289980501172
ENSG00000120915	74.0934210728761	-34.046710536438	3	82.0934210728761
ENSG00000135063	40.3253167074598	-17.1626583537299	3	48.3253167074598
ENSG00000012124	27.2286912642144	-10.6143456321072	3	35.2286912642144
ENSG00000135069	82.5995811401753	-38.2997905700877	3	90.5995811401753
ENSG00000052723	59.5151097295346	-26.7575548647673	3	67.5151097295346
ENSG00000132581	59.1496409577987	-26.5748204788993	3	67.1496409577987
ENSG00000119650	46.3282778873265	-20.1641389436632	3	54.3282778873265
ENSG00000119655	87.7272462015518	-40.8636231007759	3	95.7272462015518
ENSG00000167194	20.3107466700879	-7.15537333504397	3	28.3107466700879
ENSG00000167196	61.6525324909567	-27.8262662454783	3	69.6525324909567
ENSG00000167191	37.384315415096	-15.692157707548	3	45.384315415096
ENSG00000167193	55.96133576113	-24.980667880565	3	63.96133576113
ENSG00000148926	57.366502979923	-25.6832514899615	3	65.366502979923
ENSG00000148925	43.3108884450478	-18.6554442225239	3	51.3108884450478
ENSG00000187624	9.25807583053492	-1.62903791526746	3	17.2580758305349
ENSG00000187994	25.4090715028703	-9.70453575143516	3	33.4090715028703
ENSG00000147162	58.5360747615532	-26.2680373807766	3	66.5360747615532
ENSG00000188425	-17.6270299178465	11.8135149589232	3	-9.62702991784647
ENSG00000147160	20.6911760466951	-7.34558802334753	3	28.6911760466951
ENSG00000162706	58.3449509348956	-26.1724754674478	3	66.3449509348956
ENSG00000147166	31.1432875679903	-12.5716437839952	3	39.1432875679903
ENSG00000162704	91.1402225656043	-42.5701112828022	3	99.1402225656043
ENSG00000135604	43.0659145052905	-18.5329572526452	3	51.0659145052905
ENSG00000147168	48.4208567782094	-21.2104283891047	3	56.4208567782094
ENSG00000162878	55.2529065947542	-24.6264532973771	3	63.2529065947542
ENSG00000166828	32.514962343392	-13.257481171696	3	40.514962343392
ENSG00000184719	42.639824335303	-18.3199121676515	3	50.639824335303
ENSG00000165733	45.8830717166474	-19.9415358583237	3	53.8830717166474
ENSG00000165730	33.6985946238712	-13.8492973119356	3	41.6985946238712
ENSG00000165731	40.9185832919891	-17.4592916459946	3	48.9185832919891
ENSG00000149257	79.013012754152	-36.506506377076	3	87.013012754152
ENSG00000115687	5.43573429733241	0.282132851333795	3	13.4357342973324
ENSG00000169860	28.3439612594597	-11.1719806297299	3	36.3439612594597
ENSG00000184716	46.6004601507532	-20.3002300753766	3	54.6004601507532
ENSG00000167994	47.6511887344773	-20.8255943672387	3	55.6511887344773
ENSG00000163472	26.9586331742091	-10.4793165871045	3	34.9586331742091
ENSG00000141699	46.1341144376506	-20.0670572188253	3	54.1341144376506
ENSG00000141698	47.3401648733929	-20.6700824366964	3	55.3401648733929
ENSG00000163479	78.5754364330322	-36.2877182165161	3	86.5754364330322
ENSG00000141696	45.9019413658745	-19.9509706829373	3	53.9019413658745
ENSG00000127337	51.1707763783614	-22.5853881891807	3	59.1707763783614
ENSG00000266472	92.8319233081802	-43.4159616540901	3	100.83192330818
ENSG00000066926	45.2074781478045	-19.6037390739023	3	53.2074781478045
ENSG00000179218	87.0889251364898	-40.5444625682449	3	95.0889251364898
ENSG00000066294	37.1130403051573	-15.5565201525786	3	45.1130403051573
ENSG00000118307	36.3830953118254	-15.1915476559127	3	44.3830953118254
ENSG00000118873	49.0389888232673	-21.5194944116337	3	57.0389888232673
ENSG00000118655	27.9506115841839	-10.9753057920919	3	35.9506115841839
ENSG00000118308	36.9487617971638	-15.4743808985819	3	44.9487617971638
ENSG00000138375	28.5069896627417	-11.2534948313708	3	36.5069896627417
ENSG00000138376	37.2109614704211	-15.6054807352105	3	45.2109614704211
ENSG00000214290	19.8684856297751	-6.93424281488754	3	27.8684856297751
ENSG00000144583	-13.3268784117382	9.66343920586908	3	-5.32687841173816
ENSG00000112486	28.9508893727465	-11.4754446863733	3	36.9508893727465
ENSG00000144589	26.1418662386288	-10.0709331193144	3	34.1418662386288
ENSG00000186575	47.058804643019	-20.5294023215095	3	55.058804643019
ENSG00000157093	-10.0371868574783	8.01859342873916	3	-2.03718685747832
ENSG00000158714	18.788707174776	-6.39435358738801	3	26.788707174776
ENSG00000158715	34.4868532532497	-14.2434266266249	3	42.4868532532497
ENSG00000158716	79.4678870620585	-36.7339435310292	3	87.4678870620585
ENSG00000153767	37.8089244687969	-15.9044622343985	3	45.8089244687969
ENSG00000158710	88.6086991572958	-41.3043495786479	3	96.6086991572958
ENSG00000158711	45.979648716254	-19.989824358127	3	53.979648716254
ENSG00000055044	54.5806089492641	-24.290304474632	3	62.5806089492641
ENSG00000133985	67.5547712985742	-30.7773856492871	3	75.5547712985742
ENSG00000137601	35.416871673474	-14.708435836737	3	43.416871673474
ENSG00000141030	54.0996879831898	-24.0498439915949	3	62.0996879831898
ENSG00000172878	31.4780945079959	-12.739047253998	3	39.4780945079959
ENSG00000164463	58.1155040603814	-26.0577520301907	3	66.1155040603814
ENSG00000242550	32.0981459675606	-13.0490729837803	3	40.0981459675606
ENSG00000100568	70.2839313595358	-32.1419656797679	3	78.2839313595358
ENSG00000266094	39.5858301538449	-16.7929150769224	3	47.5858301538449
ENSG00000198862	38.9567683580585	-16.4783841790292	3	46.9567683580585
ENSG00000198863	29.8909094303957	-11.9454547151978	3	37.8909094303957
ENSG00000198860	53.7758853307163	-23.8879426653582	3	61.7758853307163
ENSG00000100565	10.6604026366063	-2.33020131830316	3	18.6604026366063
ENSG00000198865	37.1876457728234	-15.5938228864117	3	45.1876457728234
ENSG00000130958	37.8655350587781	-15.9327675293891	3	45.8655350587781
ENSG00000130956	40.2101545510278	-17.1050772755139	3	48.2101545510278
ENSG00000112561	28.6893179283722	-11.3446589641861	3	36.6893179283722
ENSG00000077152	17.8751040593378	-5.93755202966888	3	25.8751040593378
ENSG00000077150	33.9501193469964	-13.9750596734982	3	41.9501193469964
ENSG00000204160	35.444050183204	-14.722025091602	3	43.444050183204
ENSG00000164649	41.7191138148947	-17.8595569074473	3	49.7191138148947
ENSG00000196526	37.46664993947	-15.733324969735	3	45.46664993947
ENSG00000164645	-7.22366518593062	6.61183259296531	3	0.776334814069376
ENSG00000168894	77.4130220291146	-35.7065110145573	3	85.4130220291146
ENSG00000081087	54.0421765178681	-24.021088258934	3	62.0421765178681
ENSG00000162910	76.5559518664226	-35.2779759332113	3	84.5559518664226
ENSG00000206107	-33.1055487072081	19.552774353604	3	-25.1055487072081
ENSG00000100697	50.0460724357834	-22.0230362178917	3	58.0460724357834
ENSG00000161036	29.778928320864	-11.889464160432	3	37.778928320864
ENSG00000161031	25.7227254468933	-9.86136272344665	3	33.7227254468933
ENSG00000105514	45.9673750559592	-19.9836875279796	3	53.9673750559592
ENSG00000205309	45.9231168342906	-19.9615584171453	3	53.9231168342906
ENSG00000090266	95.3441409860607	-44.6720704930303	3	103.344140986061
ENSG00000183644	17.6304192863008	-5.8152096431504	3	25.6304192863008
ENSG00000139131	37.329644604627	-15.6648223023135	3	45.329644604627
ENSG00000151006	23.7619729477	-8.88098647385	3	31.7619729477
ENSG00000145860	47.5062541308424	-20.7531270654212	3	55.5062541308424
ENSG00000145861	31.9577194091885	-12.9788597045942	3	39.9577194091885
ENSG00000170178	-26.4027043408563	16.2013521704282	3	-18.4027043408563
ENSG00000154016	31.8120755200173	-12.9060377600086	3	39.8120755200173
ENSG00000125375	62.1776978630204	-28.0888489315102	3	70.1776978630204
ENSG00000053918	22.8874591541691	-8.44372957708453	3	30.8874591541691
ENSG00000198780	8.09794113721975	-1.04897056860987	3	16.0979411372197
ENSG00000150712	42.6832461418306	-18.3416230709153	3	50.6832461418306
ENSG00000140632	43.0213889720006	-18.5106944860003	3	51.0213889720006
ENSG00000169251	51.1012793945618	-22.5506396972809	3	59.1012793945618
ENSG00000160613	35.2852185838422	-14.6426092919211	3	43.2852185838422
ENSG00000169252	52.0874574299878	-23.0437287149939	3	60.0874574299878
ENSG00000140326	20.1090822852584	-7.05454114262921	3	28.1090822852584
ENSG00000160349	2.15017712358788	1.92491143820606	3	10.1501771235879
ENSG00000275074	39.7304674832794	-16.8652337416397	3	47.7304674832794
ENSG00000124209	41.5813703686885	-17.7906851843442	3	49.5813703686885
ENSG00000247077	51.4647219443008	-22.7323609721504	3	59.4647219443008
ENSG00000167695	35.2981471077688	-14.6490735538844	3	43.2981471077688
ENSG00000124201	46.1659080668078	-20.0829540334039	3	54.1659080668078
ENSG00000124205	3.46302140273953	1.26848929863023	3	11.4630214027395
ENSG00000124207	39.639240397488	-16.819620198744	3	47.639240397488
ENSG00000128604	38.7633253304785	-16.3816626652392	3	46.7633253304785
ENSG00000096746	61.2065099170316	-27.6032549585158	3	69.2065099170316
ENSG00000135473	40.2760439188523	-17.1380219594261	3	48.2760439188523
ENSG00000142675	33.8477827331119	-13.923891366556	3	41.8477827331119
ENSG00000082068	44.7020120950862	-19.3510060475431	3	52.7020120950862
ENSG00000142677	30.9593125885658	-12.4796562942829	3	38.9593125885658
ENSG00000186074	32.5217129387385	-13.2608564693693	3	40.5217129387385
ENSG00000185122	36.0527322620693	-15.0263661310346	3	44.0527322620693
ENSG00000185127	54.1475396312353	-24.0737698156176	3	62.1475396312353
ENSG00000006210	36.898896124904	-15.449448062452	3	44.898896124904
ENSG00000068354	15.5875348756469	-4.79376743782344	3	23.5875348756469
ENSG00000001630	59.8392271714832	-26.9196135857416	3	67.8392271714832
ENSG00000106178	91.7907152731174	-42.8953576365587	3	99.7907152731174
ENSG00000103507	54.4164245377878	-24.2082122688939	3	62.4164245377878
ENSG00000109118	33.7946090996244	-13.8973045498122	3	41.7946090996244
ENSG00000214842	0.195229777837414	2.90238511108129	3	8.19522977783742
ENSG00000092330	63.8841075227938	-28.9420537613969	3	71.8841075227938
ENSG00000109111	43.5000933690546	-18.7500466845273	3	51.5000933690546
ENSG00000109113	47.4876362666254	-20.7438181333127	3	55.4876362666254
ENSG00000198092	18.6834130537394	-6.34170652686971	3	26.6834130537394
ENSG00000255302	80.3748873791895	-37.1874436895948	3	88.3748873791895
ENSG00000276950	35.9359804677842	-14.9679902338921	3	43.9359804677842
ENSG00000198258	100.47433957056	-47.2371697852802	3	108.47433957056
ENSG00000102870	21.7608165611908	-7.88040828059539	3	29.7608165611908
ENSG00000102871	43.4208081827084	-18.7104040913542	3	51.4208081827084
ENSG00000102699	64.5216374416616	-29.2608187208308	3	72.5216374416616
ENSG00000042088	30.1574878087844	-12.0787439043922	3	38.1574878087844
ENSG00000198522	62.6486723619595	-28.3243361809798	3	70.6486723619595
ENSG00000102878	50.2863951377852	-22.1431975688926	3	58.2863951377852
ENSG00000198252	50.0975542365956	-22.0487771182978	3	58.0975542365956
ENSG00000275023	43.3429215843772	-18.6714607921886	3	51.3429215843772
ENSG00000105610	28.2245112020485	-11.1122556010243	3	36.2245112020485
ENSG00000105617	37.186772711326	-15.593386355663	3	45.186772711326
ENSG00000135299	37.8877025489747	-15.9438512744874	3	45.8877025489747
ENSG00000166348	34.8127948921494	-14.4063974460747	3	42.8127948921494
ENSG00000166349	-6.49145540643095	6.24572770321548	3	1.50854459356905
ENSG00000002822	32.4122035861977	-13.2061017930988	3	40.4122035861977
ENSG00000166347	98.0992758413198	-46.0496379206599	3	106.09927584132
ENSG00000147576	54.9194588138483	-24.4597294069241	3	62.9194588138483
ENSG00000135297	35.7570732717582	-14.8785366358791	3	43.7570732717582
ENSG00000131931	36.3224841461159	-15.1612420730579	3	44.3224841461159
ENSG00000009844	43.9178734885549	-18.9589367442774	3	51.9178734885549
ENSG00000166340	52.9275951072412	-23.4637975536206	3	60.9275951072412
ENSG00000147573	2.148508864978	1.925745567511	3	10.148508864978
ENSG00000176387	13.4194319365388	-3.70971596826942	3	21.4194319365388
ENSG00000136925	36.2975433634934	-15.1487716817467	3	44.2975433634934
ENSG00000146776	44.2651724138019	-19.1325862069009	3	52.2651724138019
ENSG00000175416	74.2521142264047	-34.1260571132024	3	82.2521142264047
ENSG00000178974	28.5271237137804	-11.2635618568902	3	36.5271237137804
ENSG00000104341	72.3157714714577	-33.1578857357288	3	80.3157714714577
ENSG00000136929	23.8644083698848	-8.93220418494241	3	31.8644083698848
ENSG00000178971	35.2676103999008	-14.6338051999504	3	43.2676103999008
ENSG00000181733	-14.0733319045546	10.0366659522773	3	-6.07333190455456
ENSG00000168348	-20.1258963540079	13.0629481770039	3	-12.1258963540079
ENSG00000167528	35.7426158955693	-14.8713079477847	3	43.7426158955693
ENSG00000167525	28.4282796197324	-11.2141398098662	3	36.4282796197324
ENSG00000146700	17.160986317082	-5.58049315854098	3	25.160986317082
ENSG00000189127	-10.7041550324062	8.35207751620311	3	-2.70415503240622
ENSG00000163644	57.7238539605304	-25.8619269802652	3	65.7238539605304
ENSG00000163645	45.7099209463896	-19.8549604731948	3	53.7099209463896
ENSG00000163646	23.5719485972022	-8.78597429860111	3	31.5719485972022
ENSG00000168615	66.8418235392139	-30.420911769607	3	74.8418235392139
ENSG00000244038	57.9429117121481	-25.9714558560741	3	65.9429117121481
ENSG00000142892	42.010205382551	-18.0051026912755	3	50.010205382551
ENSG00000188655	18.960388589252	-6.480194294626	3	26.960388589252
ENSG00000162746	10.27636415227	-2.13818207613499	3	18.27636415227
ENSG00000099377	48.7318009161567	-21.3659004580783	3	56.7318009161567
ENSG00000142444	42.4690110953698	-18.2345055476849	3	50.4690110953698
ENSG00000157379	52.6964379060273	-23.3482189530137	3	60.6964379060273
ENSG00000147123	78.8901489971682	-36.4450744985841	3	86.8901489971682
ENSG00000115211	41.5635248013113	-17.7817624006556	3	49.5635248013113
ENSG00000023902	46.0093310176353	-20.0046655088176	3	54.0093310176353
ENSG00000023909	44.9554430502966	-19.4777215251483	3	52.9554430502966
ENSG00000180354	96.8042085858183	-45.4021042929091	3	104.804208585818
ENSG00000165699	35.5077492693565	-14.7538746346783	3	43.5077492693565
ENSG00000165698	24.4249982525133	-9.21249912625667	3	32.4249982525133
ENSG00000108465	42.6601719776453	-18.3300859888227	3	50.6601719776453
ENSG00000126785	52.2490696395632	-23.1245348197816	3	60.2490696395632
ENSG00000132912	57.9008659723047	-25.9504329861523	3	65.9008659723047
ENSG00000165694	6.4678274680713	-0.233913734035651	3	14.4678274680713
ENSG00000108469	28.255326976366	-11.127663488183	3	36.255326976366
ENSG00000132911	-0.522151950708991	3.2610759753545	3	7.47784804929101
ENSG00000073861	15.556274853276	-4.77813742663799	3	23.556274853276
ENSG00000177034	37.696168265545	-15.8480841327725	3	45.696168265545
ENSG00000181867	-21.8067281529666	13.9033640764833	3	-13.8067281529666
ENSG00000145041	40.6845693894624	-17.3422846947312	3	48.6845693894624
ENSG00000111906	55.4155980533432	-24.7077990266716	3	63.4155980533432
ENSG00000183273	-7.46951604560144	6.73475802280072	3	0.530483954398559
ENSG00000129518	52.7625719319617	-23.3812859659809	3	60.7625719319617
ENSG00000158014	13.2817252450962	-3.64086262254808	3	21.2817252450962
ENSG00000137033	77.7483740236422	-35.8741870118211	3	85.7483740236422
ENSG00000127838	51.83301587652	-22.91650793826	3	59.83301587652
ENSG00000137038	75.373489765807	-34.6867448829035	3	83.373489765807
ENSG00000172602	36.9150986337474	-15.4575493168737	3	44.9150986337474
ENSG00000180061	30.8388959398539	-12.4194479699269	3	38.8388959398539
ENSG00000139835	34.3729271495219	-14.186463574761	3	42.3729271495219
ENSG00000173809	26.3757784750089	-10.1878892375044	3	34.3757784750089
ENSG00000014641	82.729276826796	-38.364638413398	3	90.729276826796
ENSG00000147912	21.1980616625414	-7.59903083127069	3	29.1980616625414
ENSG00000165478	42.3827783631241	-18.191389181562	3	50.3827783631241
ENSG00000185722	45.9773093528943	-19.9886546764472	3	53.9773093528943
ENSG00000185721	53.3012378713842	-23.6506189356921	3	61.3012378713842
ENSG00000099985	14.090523656323	-4.0452618281615	3	22.090523656323
ENSG00000165475	53.5211726671041	-23.760586333552	3	61.5211726671041
ENSG00000129636	56.1403135400765	-25.0701567700382	3	64.1403135400765
ENSG00000165476	66.3547735814463	-30.1773867907232	3	74.3547735814463
ENSG00000154370	30.6008461251529	-12.3004230625765	3	38.6008461251529
ENSG00000101574	26.7160842847847	-10.3580421423924	3	34.7160842847847
ENSG00000174600	45.0570396568458	-19.5285198284229	3	53.0570396568458
ENSG00000214336	-37.3184291074368	21.6592145537184	3	-29.3184291074368
ENSG00000174606	47.6696220459335	-20.8348110229667	3	55.6696220459335
ENSG00000174607	5.31542474080494	0.342287629597528	3	13.3154247408049
ENSG00000173838	-7.55675415268953	6.77837707634477	3	0.44324584731047
ENSG00000112078	55.0843862104241	-24.5421931052121	3	63.0843862104241
ENSG00000171533	13.408621650785	-3.70431082539252	3	21.408621650785
ENSG00000164879	120.857081500868	-57.428540750434	3	128.857081500868
ENSG00000112077	0.447766735628622	2.77611663218569	3	8.44776673562862
ENSG00000172465	60.2519336215132	-27.1259668107566	3	68.2519336215132
ENSG00000233608	63.5674754236115	-28.7837377118058	3	71.5674754236115
ENSG00000115970	44.7212162590586	-19.3606081295293	3	52.7212162590586
ENSG00000119919	-4.64879330878723	5.32439665439361	3	3.35120669121277
ENSG00000129187	49.3046770482597	-21.6523385241298	3	57.3046770482597
ENSG00000183607	18.2800745298847	-6.14003726494237	3	26.2800745298847
ENSG00000119913	-3.06805085988763	4.53402542994382	3	4.93194914011237
ENSG00000119912	46.1715167767614	-20.0857583883807	3	54.1715167767614
ENSG00000119915	-9.02665066449019	7.5133253322451	3	-1.02665066449019
ENSG00000026508	74.8708889286864	-34.4354444643432	3	82.8708889286864
ENSG00000205155	98.9120066174418	-46.4560033087209	3	106.912006617442
ENSG00000100890	34.7420719720807	-14.3710359860404	3	42.7420719720807
ENSG00000148444	68.1242002643166	-31.0621001321583	3	76.1242002643166
ENSG00000116977	66.8961663162136	-30.4480831581068	3	74.8961663162136
ENSG00000150275	-2.75356841165599	4.376784205828	3	5.24643158834401
ENSG00000112294	39.3432625722938	-16.6716312861469	3	47.3432625722938
ENSG00000112293	24.8426061584004	-9.42130307920021	3	32.8426061584004
ENSG00000163431	38.804476953718	-16.402238476859	3	46.804476953718
ENSG00000104432	31.645073327722	-12.822536663861	3	39.645073327722
ENSG00000104435	34.4115178426414	-14.2057589213207	3	42.4115178426414
ENSG00000107164	46.1806249243323	-20.0903124621662	3	54.1806249243323
ENSG00000141384	30.7579939724497	-12.3789969862248	3	38.7579939724497
ENSG00000081059	28.9939360120363	-11.4969680060181	3	36.9939360120363
ENSG00000101935	19.1283028388352	-6.56415141941761	3	27.1283028388352
ENSG00000154957	29.381382081562	-11.690691040781	3	37.381382081562
ENSG00000186073	38.2074420450179	-16.1037210225089	3	46.2074420450179
ENSG00000158901	62.0629923504407	-28.0314961752204	3	70.0629923504407
ENSG00000213022	-17.8212772450943	11.9106386225471	3	-9.82127724509428
ENSG00000164253	56.4207247893144	-25.2103623946572	3	64.4207247893144
ENSG00000164251	16.2252019045565	-5.11260095227826	3	24.2252019045565
ENSG00000128581	31.9671156576098	-12.9835578288049	3	39.9671156576098
ENSG00000164258	70.2442758934673	-32.1221379467337	3	78.2442758934673
ENSG00000128585	59.538892069969	-26.7694460349845	3	67.538892069969
ENSG00000100221	45.2549559153586	-19.6274779576793	3	53.2549559153586
ENSG00000197006	58.8612900863608	-26.4306450431804	3	66.8612900863608
ENSG00000100225	51.2783346800484	-22.6391673400242	3	59.2783346800484
ENSG00000130748	69.0272855444902	-31.5136427722451	3	77.0272855444902
ENSG00000100227	48.5964924887814	-21.2982462443907	3	56.5964924887814
ENSG00000011465	109.149218572973	-51.5746092864865	3	117.149218572973
ENSG00000197558	-6.71399029737681	6.3569951486884	3	1.28600970262319
ENSG00000176601	1.56282885575928	2.21858557212036	3	9.56282885575928
ENSG00000176971	56.6617208041472	-25.3308604020736	3	64.6617208041472
ENSG00000053702	21.549992685198	-7.774996342599	3	29.549992685198
ENSG00000140795	13.5432989271385	-3.77164946356926	3	21.5432989271385
ENSG00000092871	47.107245308995	-20.5536226544975	3	55.107245308995
ENSG00000204991	25.8992605486268	-9.94963027431342	3	33.8992605486268
ENSG00000198060	52.0435256271412	-23.0217628135706	3	60.0435256271412
ENSG00000134247	52.6933115164984	-23.3466557582492	3	60.6933115164984
ENSG00000144320	52.8887607653069	-23.4443803826534	3	60.8887607653069
ENSG00000134717	78.4437405642555	-36.2218702821278	3	86.4437405642555
ENSG00000143442	46.9772082382524	-20.4886041191262	3	54.9772082382524
ENSG00000134243	70.8413845641456	-32.4206922820728	3	78.8413845641456
ENSG00000143119	61.4902986014921	-27.7451493007461	3	69.4902986014921
ENSG00000097021	30.3598961826178	-12.1799480913089	3	38.3598961826178
ENSG00000205442	-8.02566129476024	7.01283064738012	3	-0.0256612947602406
ENSG00000075426	51.6334991000056	-22.8167495500028	3	59.6334991000056
ENSG00000078618	56.1224444506642	-25.0612222253321	3	64.1224444506642
ENSG00000178802	41.3935156640285	-17.6967578320143	3	49.3935156640285
ENSG00000160404	36.9593768635332	-15.4796884317666	3	44.9593768635332
ENSG00000160401	15.6004248300348	-4.80021241501739	3	23.6004248300348
ENSG00000170275	66.449544292693	-30.2247721463465	3	74.449544292693
ENSG00000160408	68.9763226152858	-31.4881613076429	3	76.9763226152858
ENSG00000069764	13.1080942857917	-3.55404714289585	3	21.1080942857917
ENSG00000162520	30.1411380826341	-12.0705690413171	3	38.1411380826341
ENSG00000241878	41.0695909313284	-17.5347954656642	3	49.0695909313284
ENSG00000167757	5.53097424965021	0.234512875174893	3	13.5309742496502
ENSG00000167754	11.7670380430367	-2.88351902151835	3	19.7670380430367
ENSG00000144369	31.8472571519529	-12.9236285759765	3	39.8472571519529
ENSG00000167759	-13.2863179135282	9.64315895676409	3	-5.28631791352818
ENSG00000103429	46.3966256459828	-20.1983128229914	3	54.3966256459828
ENSG00000204569	54.0462776004634	-24.0231388002317	3	62.0462776004634
ENSG00000169752	77.7773946559109	-35.8886973279554	3	85.7773946559109
ENSG00000169758	27.0130512789741	-10.5065256394871	3	35.0130512789741
ENSG00000215853	-2.12788568717829	4.06394284358915	3	5.87211431282171
ENSG00000093144	63.8020806605558	-28.9010403302779	3	71.8020806605558
ENSG00000036672	20.5577275260056	-7.27886376300282	3	28.5577275260056
ENSG00000143401	60.3761071270667	-27.1880535635334	3	68.3761071270667
ENSG00000163982	-9.76663874698554	7.88331937349277	3	-1.76663874698554
ENSG00000143994	20.2918250443247	-7.14591252216233	3	28.2918250443247
ENSG00000134873	19.1977753590213	-6.59888767951063	3	27.1977753590213
ENSG00000082497	36.365927146054	-15.182963573027	3	44.365927146054
ENSG00000057757	57.0976094987842	-25.5488047493921	3	65.0976094987842
ENSG00000105865	20.944351649216	-7.47217582460799	3	28.944351649216
ENSG00000105866	25.6580091020087	-9.82900455100435	3	33.6580091020087
ENSG00000135040	41.0308478267414	-17.5154239133707	3	49.0308478267414
ENSG00000131746	49.30560048253	-21.652800241265	3	57.30560048253
ENSG00000147364	50.5240166362357	-22.2620083181178	3	58.5240166362357
ENSG00000135046	101.725394306404	-47.8626971532021	3	109.725394306404
ENSG00000131748	36.8047105438856	-15.4023552719428	3	44.8047105438856
ENSG00000165806	37.9110147832817	-15.9555073916409	3	45.9110147832817
ENSG00000165807	40.0556609594514	-17.0278304797257	3	48.0556609594514
ENSG00000146094	24.914782468652	-9.45739123432601	3	32.914782468652
ENSG00000149016	20.0269471500294	-7.01347357501471	3	28.0269471500294
ENSG00000177731	52.3573248440842	-23.1786624220421	3	60.3573248440842
ENSG00000145216	50.2369705372678	-22.1184852686339	3	58.2369705372678
ENSG00000183044	39.6117767614335	-16.8058883807167	3	47.6117767614335
ENSG00000116221	47.038908541518	-20.519454270759	3	55.038908541518
ENSG00000240583	91.9754521148131	-42.9877260574066	3	99.9754521148131
ENSG00000062716	65.3261014780719	-29.663050739036	3	73.3261014780719
ENSG00000147144	23.328594574556	-8.66429728727798	3	31.328594574556
ENSG00000187608	84.0197254722253	-39.0098627361126	3	92.0197254722253
ENSG00000162852	55.3837764169366	-24.6918882084683	3	63.3837764169366
ENSG00000135622	30.869982102449	-12.4349910512245	3	38.869982102449
ENSG00000188404	33.6520692704902	-13.8260346352451	3	41.6520692704902
ENSG00000043039	39.9027498845	-16.95137494225	3	47.9027498845
ENSG00000115665	-33.2949673104884	19.6474836552442	3	-25.2949673104884
ENSG00000115661	55.2344967259454	-24.6172483629727	3	63.2344967259454
ENSG00000163328	29.4052685870495	-11.7026342935248	3	37.4052685870495
ENSG00000069943	40.8986260905238	-17.4493130452619	3	48.8986260905238
ENSG00000111665	25.0402773169451	-9.52013865847257	3	33.0402773169452
ENSG00000259823	-27.293268744677	16.6466343723385	3	-19.293268744677
ENSG00000115919	31.0249393533363	-12.5124696766682	3	39.0249393533363
ENSG00000163322	38.0987376183088	-16.0493688091544	3	46.0987376183088
ENSG00000163453	97.286270861926	-45.643135430963	3	105.286270861926
ENSG00000163320	69.8248857536813	-31.9124428768406	3	77.8248857536813
ENSG00000084090	57.7828565155934	-25.8914282577967	3	65.7828565155934
ENSG00000084092	40.705795454954	-17.352897727477	3	48.705795454954
ENSG00000214102	-16.1350360426046	11.0675180213023	3	-8.13503604260462
ENSG00000137992	54.2164420505163	-24.1082210252581	3	62.2164420505163
ENSG00000180383	8.19102703286608	-1.09551351643304	3	16.1910270328661
ENSG00000127311	33.0902722569668	-13.5451361284834	3	41.0902722569668
ENSG00000040531	35.3127157730243	-14.6563578865121	3	43.3127157730243
ENSG00000003509	36.27747554897	-15.138737774485	3	44.27747554897
ENSG00000136247	46.5348174084245	-20.2674087042122	3	54.5348174084245
ENSG00000136244	39.0669840726557	-16.5334920363278	3	47.0669840726557
ENSG00000136243	44.37927498922	-19.18963749461	3	52.37927498922
ENSG00000136240	62.412563527819	-28.2062817639095	3	70.412563527819
ENSG00000161921	51.1372792551498	-22.5686396275749	3	59.1372792551498
ENSG00000115009	5.14309599520173	0.428452002399137	3	13.1430959952017
ENSG00000115008	28.8410604163492	-11.4205302081746	3	36.8410604163492
ENSG00000137193	52.1493765783714	-23.0746882891857	3	60.1493765783714
ENSG00000105135	43.4307531249561	-18.715376562478	3	51.4307531249561
ENSG00000138684	10.6092091368088	-2.30460456840438	3	18.6092091368088
ENSG00000138686	41.3893469154554	-17.6946734577277	3	49.3893469154554
ENSG00000105131	14.8866012430496	-4.44330062152478	3	22.8866012430496
ENSG00000138688	51.6871137122567	-22.8435568561283	3	59.6871137122567
ENSG00000105583	89.4590756674365	-41.7295378337182	3	97.4590756674365
ENSG00000274386	45.4109431028743	-19.7054715514372	3	53.4109431028743
ENSG00000157703	-0.264596066435034	3.13229803321752	3	7.73540393356497
ENSG00000136026	38.2898753518535	-16.1449376759268	3	46.2898753518535
ENSG00000149273	99.9411447876968	-46.9705723938484	3	107.941144787697
ENSG00000146233	44.3831639732045	-19.1915819866023	3	52.3831639732045
ENSG00000164403	36.0749444949373	-15.0374722474687	3	44.0749444949373
ENSG00000141013	35.6612905884626	-14.8306452942313	3	43.6612905884626
ENSG00000141012	31.9051620495307	-12.9525810247654	3	39.9051620495307
ENSG00000148057	35.6415269768836	-14.8207634884418	3	43.6415269768836
ENSG00000133302	29.5057408877423	-11.7528704438712	3	37.5057408877423
ENSG00000164404	17.3834433389159	-5.69172166945795	3	25.3834433389159
ENSG00000198887	43.890399607631	-18.9451998038155	3	51.890399607631
ENSG00000172817	47.0163513087544	-20.5081756543772	3	55.0163513087544
ENSG00000198881	18.2567177401711	-6.12835887008557	3	26.2567177401711
ENSG00000172818	9.92408516804288	-1.96204258402144	3	17.9240851680429
ENSG00000198888	126.955603290774	-60.4778016453872	3	134.955603290774
ENSG00000182022	27.2736051054915	-10.6368025527458	3	35.2736051054915
ENSG00000244752	-25.8156291661515	15.9078145830757	3	-17.8156291661515
ENSG00000244754	60.231839780287	-27.1159198901435	3	68.231839780287
ENSG00000091542	53.7929496115859	-23.896474805793	3	61.7929496115859
ENSG00000165863	25.0785574507498	-9.53927872537491	3	33.0785574507498
ENSG00000165861	38.5294736900945	-16.2647368450473	3	46.5294736900945
ENSG00000178343	21.0660915904226	-7.5330457952113	3	29.0660915904226
ENSG00000085382	40.6335096125099	-17.316754806255	3	48.6335096125099
ENSG00000101901	59.8077574306418	-26.9038787153209	3	67.8077574306418
ENSG00000153283	30.8293915874686	-12.4146957937343	3	38.8293915874686
ENSG00000116586	71.5374505618079	-32.768725280904	3	79.5374505618079
ENSG00000176142	38.6806069225972	-16.3403034612986	3	46.6806069225972
ENSG00000159173	73.1897236735951	-33.5948618367975	3	81.1897236735951
ENSG00000104371	24.9016986386913	-9.45084931934567	3	32.9016986386913
ENSG00000180891	46.5860747099287	-20.2930373549644	3	54.5860747099287
ENSG00000103855	40.9261410993232	-17.4630705496616	3	48.9261410993232
ENSG00000185559	-8.23332459418105	7.11666229709053	3	-0.233324594181054
ENSG00000151023	36.2086392671325	-15.1043196335662	3	44.2086392671325
ENSG00000099954	31.8735950433913	-12.9367975216957	3	39.8735950433913
ENSG00000101638	50.4485536496043	-22.2242768248022	3	58.4485536496043
ENSG00000174417	8.7914063932079	-1.39570319660395	3	16.7914063932079
ENSG00000170113	28.9164505877212	-11.4582252938606	3	36.9164505877212
ENSG00000174145	10.5812702276228	-2.29063511381142	3	18.5812702276228
ENSG00000197948	26.8942862617753	-10.4471431308876	3	34.8942862617753
ENSG00000171643	31.9132265508318	-12.9566132754159	3	39.9132265508318
ENSG00000082269	41.3948153855206	-17.6974076927603	3	49.3948153855206
ENSG00000169239	72.3745232189564	-33.1872616094782	3	80.3745232189564
ENSG00000151287	30.490814406329	-12.2454072031645	3	38.490814406329
ENSG00000137648	41.411858190771	-17.7059290953855	3	49.411858190771
ENSG00000140650	57.248259619597	-25.6241298097985	3	65.248259619597
ENSG00000064012	42.2155748148051	-18.1077874074025	3	50.2155748148051
ENSG00000140307	84.5231415212717	-39.2615707606359	3	92.5231415212717
ENSG00000183813	-3.37547686923281	4.68773843461641	3	4.62452313076719
ENSG00000089053	62.3697834900782	-28.1848917450391	3	70.3697834900782
ENSG00000089050	47.0860884667794	-20.5430442333897	3	55.0860884667794
ENSG00000156502	33.1651576434164	-13.5825788217082	3	41.1651576434164
ENSG00000171462	20.1000666162566	-7.05003330812828	3	28.1000666162566
ENSG00000124260	-18.1652465364627	12.0826232682313	3	-10.1652465364627
ENSG00000111371	32.9710083681799	-13.48550418409	3	40.9710083681799
ENSG00000111802	50.3379621869027	-22.1689810934513	3	58.3379621869027
ENSG00000124596	67.3511060992528	-30.6755530496264	3	75.3511060992528
ENSG00000161944	38.652244064659	-16.3261220323295	3	46.652244064659
ENSG00000161940	36.8356957803386	-15.4178478901693	3	44.8356957803386
ENSG00000135452	48.7634301666591	-21.3817150833295	3	56.7634301666591
ENSG00000135451	0.756868251827661	2.62156587408617	3	8.75686825182766
ENSG00000135454	24.0903309898047	-9.04516549490233	3	32.0903309898047
ENSG00000142655	44.5359302586797	-19.2679651293398	3	52.5359302586797
ENSG00000188488	23.7817323800114	-8.89086619000568	3	31.7817323800114
ENSG00000121966	41.1612119119586	-17.5806059559793	3	49.1612119119586
ENSG00000121964	52.7333383262036	-23.3666691631018	3	60.7333383262036
ENSG00000160094	40.5399461945912	-17.2699730972956	3	48.5399461945912
ENSG00000151364	39.9114448960711	-16.9557224480355	3	47.9114448960711
ENSG00000160097	20.6365104430272	-7.31825522151359	3	28.6365104430272
ENSG00000102103	60.6214556512001	-27.3107278256001	3	68.6214556512001
ENSG00000102100	20.2459131603298	-7.1229565801649	3	28.2459131603298
ENSG00000156885	78.9386997079202	-36.4693498539601	3	86.9386997079202
ENSG00000102104	17.4042758713408	-5.70213793567038	3	25.4042758713408
ENSG00000106628	35.2786401645962	-14.6393200822981	3	43.2786401645962
ENSG00000109132	27.3940491364946	-10.6970245682473	3	35.3940491364946
ENSG00000100038	33.8000095573281	-13.900004778664	3	41.8000095573281
ENSG00000131482	22.6240811977562	-8.3120405988781	3	30.6240811977562
ENSG00000103671	39.164442544867	-16.5822212724335	3	47.164442544867
ENSG00000198842	8.03588706749393	-1.01794353374696	3	16.0358870674939
ENSG00000118402	19.1057756501411	-6.55288782507054	3	27.1057756501411
ENSG00000188428	54.7136208295118	-24.3568104147559	3	62.7136208295118
ENSG00000176018	21.3952790579115	-7.69763952895573	3	29.3952790579115
ENSG00000027001	31.7254090732014	-12.8627045366007	3	39.7254090732014
ENSG00000134058	59.1459700576702	-26.5729850288351	3	67.1459700576702
ENSG00000134504	24.3221258276783	-9.16106291383916	3	32.3221258276783
ENSG00000143303	37.808556115965	-15.9042780579825	3	45.808556115965
ENSG00000143870	67.1695858030293	-30.5847929015146	3	75.1695858030293
ENSG00000167325	45.3451359525521	-19.6725679762761	3	53.3451359525521
ENSG00000134508	43.7143834560268	-18.8571917280134	3	51.7143834560268
ENSG00000131269	42.9032644741738	-18.4516322370869	3	50.9032644741738
ENSG00000135900	40.7706120923186	-17.3853060461593	3	48.7706120923186
ENSG00000135902	6.67930671580513	-0.339653357902563	3	14.6793067158051
ENSG00000159267	43.1629707644338	-18.5814853822169	3	51.1629707644338
ENSG00000166323	35.6165440852948	-14.8082720426474	3	43.6165440852948
ENSG00000166326	44.2308071915519	-19.1154035957759	3	52.2308071915519
ENSG00000152705	26.5835586332737	-10.2917793166368	3	34.5835586332737
ENSG00000123064	40.6852429278703	-17.3426214639351	3	48.6852429278703
ENSG00000152700	66.5679799509499	-30.283989975475	3	74.5679799509499
ENSG00000151418	16.8574920835233	-5.42874604176165	3	24.8574920835233
ENSG00000198829	57.4372271371333	-25.7186135685667	3	65.4372271371333
ENSG00000149483	44.7712370207229	-19.3856185103614	3	52.7712370207229
ENSG00000132680	39.5913334918305	-16.7956667459152	3	47.5913334918305
ENSG00000196704	66.9816616263382	-30.4908308131691	3	74.9816616263382
ENSG00000136908	83.1407080806753	-38.5703540403376	3	91.1407080806753
ENSG00000178913	61.6675010460352	-27.8337505230176	3	69.6675010460352
ENSG00000184544	43.3448189562241	-18.6724094781121	3	51.3448189562241
ENSG00000002549	66.4811477949538	-30.2405738974769	3	74.4811477949538
ENSG00000163660	58.4135822218507	-26.2067911109253	3	66.4135822218507
ENSG00000163661	36.3917194316739	-15.1958597158369	3	44.3917194316739
ENSG00000163666	29.7660362163874	-11.8830181081937	3	37.7660362163874
ENSG00000163840	44.2213099313998	-19.1106549656999	3	52.2213099313998
ENSG00000214827	48.9908205699907	-21.4954102849953	3	56.9908205699907
ENSG00000188676	12.1856177716827	-3.09280888584137	3	20.1856177716827
ENSG00000182253	34.9491164703592	-14.4745582351796	3	42.9491164703592
ENSG00000188674	40.1399281917182	-17.0699640958591	3	48.1399281917182
ENSG00000114279	18.0634877062136	-6.03174385310682	3	26.0634877062136
ENSG00000188895	46.2494278488934	-20.1247139244467	3	54.2494278488934
ENSG00000162139	19.5323989710027	-6.76619948550137	3	27.5323989710027
ENSG00000244588	3.68804239922954	1.15597880038523	3	11.6880423992295
ENSG00000186943	-17.2810199822424	11.6405099911212	3	-9.28101998224237
ENSG00000108666	40.8973370493745	-17.4486685246873	3	48.8973370493745
ENSG00000215440	46.1258350554725	-20.0629175277362	3	54.1258350554725
ENSG00000096872	45.0603273645886	-19.5301636822943	3	53.0603273645886
ENSG00000119203	52.8425312740108	-23.4212656370054	3	60.8425312740108
ENSG00000115271	45.8817415592083	-19.9408707796042	3	53.8817415592083
ENSG00000153113	74.1546414423303	-34.0773207211651	3	82.1546414423303
ENSG00000165672	68.4454158518586	-31.2227079259293	3	76.4454158518586
ENSG00000183258	41.8697230478025	-17.9348615239013	3	49.8697230478025
ENSG00000171467	31.2486539744847	-12.6243269872423	3	39.2486539744847
ENSG00000153071	75.6984772584032	-34.8492386292016	3	83.6984772584032
ENSG00000177058	41.706161735862	-17.853080867931	3	49.706161735862
ENSG00000145029	50.7730691216567	-22.3865345608284	3	58.7730691216567
ENSG00000272047	96.706099800802	-45.353049900401	3	104.706099800802
ENSG00000183255	77.6212668819681	-35.8106334409841	3	85.6212668819681
ENSG00000187017	-12.3744166804996	9.1872083402498	3	-4.3744166804996
ENSG00000180044	43.686643002285	-18.8433215011425	3	51.686643002285
ENSG00000179397	7.71416954935967	-0.857084774679836	3	15.7141695493597
ENSG00000172667	41.0166612021829	-17.5083306010915	3	49.0166612021829
ENSG00000196074	19.3169654193027	-6.65848270965134	3	27.3169654193027
ENSG00000122733	5.11172093563705	0.444139532181476	3	13.111720935637
ENSG00000157916	60.5202846720126	-27.2601423360063	3	68.5202846720126
ENSG00000173281	46.8632438527894	-20.4316219263947	3	54.8632438527894
ENSG00000187824	53.9779689257213	-23.9889844628607	3	61.9779689257213
ENSG00000011198	64.4892553705586	-29.2446276852793	3	72.4892553705586
ENSG00000165410	83.1056493905969	-38.5528246952984	3	91.1056493905969
ENSG00000165417	46.8701129985391	-20.4350564992695	3	54.8701129985391
ENSG00000130733	38.6775809066432	-16.3387904533216	3	46.6775809066432
ENSG00000174628	30.7328740852903	-12.3664370426451	3	38.7328740852903
ENSG00000179604	56.1049306577902	-25.0524653288951	3	64.1049306577902
ENSG00000112053	12.2421530069314	-3.12107650346569	3	20.2421530069314
ENSG00000116005	81.2023338440247	-37.6011669220123	3	89.2023338440247
ENSG00000146285	22.7873131670364	-8.39365658351821	3	30.7873131670364
ENSG00000117751	61.4980786414805	-27.7490393207403	3	69.4980786414805
ENSG00000122882	35.6372341604634	-14.8186170802317	3	43.6372341604634
ENSG00000122557	59.5287144728406	-26.7643572364203	3	67.5287144728406
ENSG00000254726	16.5623457929157	-5.28117289645784	3	24.5623457929157
ENSG00000143333	48.1959831021125	-21.0979915510563	3	56.1959831021125
ENSG00000158691	38.3268420806583	-16.1634210403292	3	46.3268420806583
ENSG00000119979	54.9734299036693	-24.4867149518346	3	62.9734299036693
ENSG00000240857	42.0207254158355	-18.0103627079177	3	50.0207254158355
ENSG00000128626	64.0962431841163	-29.0481215920582	3	72.0962431841163
ENSG00000148429	28.0536725905797	-11.0268362952899	3	36.0536725905797
ENSG00000104147	19.7211742664455	-6.86058713322274	3	27.7211742664455
ENSG00000104140	18.8542417008937	-6.42712085044684	3	26.8542417008937
ENSG00000104142	24.0369126958553	-9.01845634792763	3	32.0369126958552
ENSG00000116918	57.086936529498	-25.543468264749	3	65.086936529498
ENSG00000143624	45.1378246404452	-19.5689123202226	3	53.1378246404452
ENSG00000159618	-0.273944019887646	3.13697200994382	3	7.72605598011235
ENSG00000116690	59.133602766324	-26.566801383162	3	67.133602766324
ENSG00000159348	52.0508183583743	-23.0254091791871	3	60.0508183583743
ENSG00000107140	45.3282355128131	-19.6641177564066	3	53.3282355128131
ENSG00000073111	30.0318729352309	-12.0159364676155	3	38.0318729352309
ENSG00000006042	42.7178991430825	-18.3589495715413	3	50.7178991430825
ENSG00000006047	19.6677185560831	-6.83385927804156	3	27.6677185560831
ENSG00000196950	45.062650439908	-19.531325219954	3	53.062650439908
ENSG00000158966	38.2251447005779	-16.1125723502889	3	46.2251447005779
ENSG00000174080	62.8034411718094	-28.4017205859047	3	70.8034411718094
ENSG00000168158	-12.1543706411203	9.07718532056017	3	-4.15437064112035
ENSG00000137414	48.5141492795768	-21.2570746397884	3	56.5141492795768
ENSG00000137413	41.027433559515	-17.5137167797575	3	49.027433559515
ENSG00000128567	60.6017349232035	-27.3008674616018	3	68.6017349232035
ENSG00000164236	53.1124335132564	-23.5562167566282	3	61.1124335132564
ENSG00000164237	60.289666565547	-27.1448332827735	3	68.289666565547
ENSG00000100243	79.727788964637	-36.8638944823185	3	87.727788964637
ENSG00000100711	74.4295143737062	-34.2147571868531	3	82.4295143737062
ENSG00000100246	55.3256768181096	-24.6628384090548	3	63.3256768181096
ENSG00000197579	43.443783792102	-18.721891896051	3	51.443783792102
ENSG00000163519	10.1064479318667	-2.05322396593337	3	18.1064479318667
ENSG00000174886	95.0541886605787	-44.5270943302893	3	103.054188660579
ENSG00000156966	0.252335362728282	2.87383231863586	3	8.25233536272828
ENSG00000143469	9.63785421750592	-1.81892710875296	3	17.6378542175059
ENSG00000144306	42.318933019912	-18.159466509956	3	50.318933019912
ENSG00000134265	53.8312451358746	-23.9156225679373	3	61.8312451358746
ENSG00000134262	28.5695173018916	-11.2847586509458	3	36.5695173018917
ENSG00000156968	33.5186376585646	-13.7593188292823	3	41.5186376585646
ENSG00000182827	60.1454981407292	-27.0727490703646	3	68.1454981407292
ENSG00000005469	49.7316658888219	-21.8658329444109	3	57.7316658888219
ENSG00000117533	60.9183039295718	-27.4591519647859	3	68.9183039295718
ENSG00000205129	39.4124976989761	-16.7062488494881	3	47.4124976989761
ENSG00000064225	39.2811206352652	-16.6405603176326	3	47.2811206352652
ENSG00000127995	44.9977111817156	-19.4988555908578	3	52.9977111817156
ENSG00000134198	43.7042547384385	-18.8521273692193	3	51.7042547384385
ENSG00000007312	36.4587680205983	-15.2293840102992	3	44.4587680205983
ENSG00000100865	46.3325883790877	-20.1662941895439	3	54.3325883790877
ENSG00000143793	51.354747006472	-22.677373503236	3	59.354747006472
ENSG00000175287	72.9264181813773	-33.4632090906887	3	80.9264181813773
ENSG00000041988	35.8267738722525	-14.9133869361262	3	43.8267738722525
ENSG00000151348	38.0975379204275	-16.0487689602137	3	46.0975379204275
ENSG00000151612	27.890176023685	-10.9450880118425	3	35.890176023685
ENSG00000151611	34.5096800050198	-14.2548400025099	3	42.5096800050198
ENSG00000151617	32.1829455726168	-13.0914727863084	3	40.1829455726168
ENSG00000106459	37.357933528785	-15.6789667643925	3	45.357933528785
ENSG00000039560	35.0658894977786	-14.5329447488893	3	43.0658894977786
ENSG00000093167	54.3698773490293	-24.1849386745146	3	62.3698773490293
ENSG00000237441	51.1089080871072	-22.5544540435536	3	59.1089080871072
ENSG00000134996	66.2646244105692	-30.1323122052846	3	74.2646244105692
ENSG00000059588	41.7289214147984	-17.8644607073992	3	49.7289214147984
ENSG00000111490	20.9904502409069	-7.49522512045345	3	28.9904502409069
ENSG00000187838	31.9865935705152	-12.9932967852576	3	39.9865935705152
ENSG00000115459	68.5257023599928	-31.2628511799964	3	76.5257023599928
ENSG00000139269	21.5986395065482	-7.79931975327412	3	29.5986395065482
ENSG00000105849	41.2185763727459	-17.6092881863729	3	49.2185763727459
ENSG00000142227	70.5714514638269	-32.2857257319135	3	78.5714514638269
ENSG00000131013	42.9732162090207	-18.4866081045104	3	50.9732162090207
ENSG00000142224	0.265761466574548	2.86711926671273	3	8.26576146657455
ENSG00000185085	22.8649699336944	-8.43248496684722	3	30.8649699336944
ENSG00000109079	40.421047399862	-17.210523699931	3	48.421047399862
ENSG00000140519	20.1378051697222	-7.0689025848611	3	28.1378051697222
ENSG00000176485	107.225430008555	-50.6127150042776	3	115.225430008555
ENSG00000183067	40.4895113012159	-17.244755650608	3	48.4895113012159
ENSG00000168792	31.6893656720194	-12.8446828360097	3	39.6893656720194
ENSG00000183060	42.8842964954074	-18.4421482477037	3	50.8842964954074
ENSG00000277791	73.9568935266581	-33.978446763329	3	81.9568935266581
ENSG00000111639	75.2459565414868	-34.6229782707434	3	83.2459565414868
ENSG00000111142	52.1834134591534	-23.0917067295767	3	60.1834134591534
ENSG00000187957	2.435168737461	1.7824156312695	3	10.435168737461
ENSG00000187954	45.0051423964754	-19.5025711982377	3	53.0051423964754
ENSG00000111144	51.9537059585124	-22.9768529792562	3	59.9537059585124
ENSG00000239704	18.6688952075132	-6.3344476037566	3	26.6688952075132
ENSG00000185888	-3.66526097437603	4.83263048718801	3	4.33473902562397
ENSG00000166862	-0.449280663171954	3.22464033158598	3	7.55071933682805
ENSG00000188467	26.2786236425708	-10.1393118212854	3	34.2786236425708
ENSG00000185883	63.4245080875886	-28.7122540437943	3	71.4245080875886
ENSG00000162836	34.5484478348605	-14.2742239174302	3	42.5484478348605
ENSG00000125820	-14.8332193153349	10.4166096576675	3	-6.83321931533491
ENSG00000119138	64.2581592221857	-29.1290796110929	3	72.2581592221857
ENSG00000169777	-49.6528007570352	27.8264003785176	3	-41.6528007570352
ENSG00000115641	25.3324124666322	-9.6662062333161	3	33.3324124666322
ENSG00000115392	39.2084584098298	-16.6042292049149	3	47.2084584098298
ENSG00000168421	38.0382466910319	-16.019123345516	3	46.0382466910319
ENSG00000115648	32.2785178190553	-13.1392589095276	3	40.2785178190553
ENSG00000183395	-8.77405387926779	7.38702693963389	3	-0.774053879267786
ENSG00000168427	18.1745201618013	-6.08726008090063	3	26.1745201618013
ENSG00000109270	70.0289368438557	-32.0144684219278	3	78.0289368438557
ENSG00000095319	36.7112798239773	-15.3556399119886	3	44.7112798239773
ENSG00000127377	5.78173394742895	0.109133026285524	3	13.781733947429
ENSG00000176225	37.7296135957782	-15.8648067978891	3	45.7296135957782
ENSG00000132275	40.036817383489	-17.0184086917445	3	48.036817383489
ENSG00000148218	74.4843311045284	-34.2421655522642	3	82.4843311045284
ENSG00000090924	37.2875163692891	-15.6437581846446	3	45.2875163692891
ENSG00000062194	50.303217601225	-22.1516088006125	3	58.303217601225
ENSG00000142910	73.2311248419081	-33.615562420954	3	81.2311248419081
ENSG00000188282	1.20143629016004	2.39928185491998	3	9.20143629016004
ENSG00000186532	31.9280950774343	-12.9640475387172	3	39.9280950774343
ENSG00000157766	-17.1152242226636	11.5576121113318	3	-9.1152242226636
ENSG00000149295	-16.2270235589409	11.1135117794705	3	-8.22702355894092
ENSG00000149292	40.1728576242412	-17.0864288121206	3	48.1728576242412
ENSG00000067704	54.0098035109179	-24.004901755459	3	62.0098035109179
ENSG00000139173	27.3240930278282	-10.6620465139141	3	35.3240930278282
ENSG00000137312	70.275059404805	-32.1375297024025	3	78.275059404805
ENSG00000164934	53.497746765643	-23.7488733828215	3	61.497746765643
ENSG00000164933	50.5495571942834	-22.2747785971417	3	58.5495571942834
ENSG00000164932	62.6284341862716	-28.3142170931358	3	70.6284341862716
ENSG00000172349	34.6052895117622	-14.3026447558811	3	42.6052895117622
ENSG00000172348	39.1774541760258	-16.5887270880129	3	47.1774541760258
ENSG00000172346	8.61921577747572	-1.30960788873786	3	16.6192157774757
ENSG00000172345	36.9737948848846	-15.4868974424423	3	44.9737948848846
ENSG00000172830	35.7130169782872	-14.8565084891436	3	43.7130169782872
ENSG00000164938	60.584885738886	-27.292442869443	3	68.584885738886
ENSG00000100522	52.0029713437815	-23.0014856718907	3	60.0029713437815
ENSG00000100523	52.4867453438319	-23.243372671916	3	60.4867453438319
ENSG00000166685	34.1330306380712	-14.0665153190356	3	42.1330306380712
ENSG00000100526	86.8066403879801	-40.40332019399	3	94.8066403879801
ENSG00000166682	20.2798478102729	-7.13992390513644	3	28.2798478102729
ENSG00000162300	37.5411268848093	-15.7705634424046	3	45.5411268848093
ENSG00000118965	25.5047572297669	-9.75237861488345	3	33.5047572297669
ENSG00000155729	36.8980843164222	-15.4490421582111	3	44.8980843164222
ENSG00000166689	35.9855435339023	-14.9927717669511	3	43.9855435339023
ENSG00000118960	34.4918597238898	-14.2459298619449	3	42.4918597238898
ENSG00000011295	47.6961400351977	-20.8480700175989	3	55.6961400351977
ENSG00000108055	53.0198536980253	-23.5099268490127	3	61.0198536980253
ENSG00000091527	66.3299830208247	-30.1649915104124	3	74.3299830208247
ENSG00000126353	22.5595459688892	-8.2797729844446	3	30.5595459688892
ENSG00000165886	35.811631954787	-14.9058159773935	3	43.811631954787
ENSG00000204120	57.1277910339393	-25.5638955169696	3	65.1277910339393
ENSG00000115020	41.1344261893485	-17.5672130946742	3	49.1344261893485
ENSG00000164683	28.8172218214476	-11.4086109107238	3	36.8172218214476
ENSG00000076242	44.5437467329432	-19.2718733664716	3	52.5437467329432
ENSG00000100918	23.7766879095277	-8.88834395476385	3	31.7766879095277
ENSG00000112559	64.7396198862744	-29.3698099431372	3	72.7396198862744
ENSG00000164687	116.360401479482	-55.180200739741	3	124.360401479482
ENSG00000168883	38.1235291159874	-16.0617645579937	3	46.1235291159874
ENSG00000076248	51.7778644270119	-22.888932213506	3	59.7778644270119
ENSG00000168887	45.9053662793509	-19.9526831396755	3	53.9053662793509
ENSG00000168884	60.0688267514197	-27.0344133757099	3	68.0688267514197
ENSG00000070831	90.6621354946948	-42.3310677473474	3	98.6621354946948
ENSG00000149929	31.3172015548612	-12.6586007774306	3	39.3172015548612
ENSG00000099937	6.96971383865079	-0.484856919325394	3	14.9697138386508
ENSG00000147896	14.8496501106147	-4.42482505530736	3	22.8496501106147
ENSG00000147894	44.6006589607246	-19.3003294803623	3	52.6006589607246
ENSG00000165084	40.5828578918746	-17.2914289459373	3	48.5828578918746
ENSG00000149923	40.8813385582578	-17.4406692791289	3	48.8813385582578
ENSG00000149922	1.68753640852337	2.15623179573832	3	9.68753640852337
ENSG00000149927	3.63674157424062	1.18162921287969	3	11.6367415742406
ENSG00000154237	39.5194741716226	-16.7597370858113	3	47.5194741716226
ENSG00000101435	13.6103246159386	-3.80516230796931	3	21.6103246159386
ENSG00000153914	56.1288210973634	-25.0644105486817	3	64.1288210973634
ENSG00000154582	80.4395414194513	-37.2197707097257	3	88.4395414194513
ENSG00000101439	116.866670444036	-55.4333352220182	3	124.866670444036
ENSG00000101438	3.68231386564509	1.15884306717745	3	11.6823138656451
ENSG00000100385	25.2636104490304	-9.6318052245152	3	33.2636104490304
ENSG00000155189	43.6451380449161	-18.822569022458	3	51.6451380449161
ENSG00000005075	76.8461071100565	-35.4230535550283	3	84.8461071100565
ENSG00000130338	50.9996519890419	-22.499825994521	3	58.9996519890419
ENSG00000049239	49.9486543849133	-21.9743271924567	3	57.9486543849133
ENSG00000113391	54.3511476804791	-24.1755738402395	3	62.3511476804791
ENSG00000180879	86.0272492793377	-40.0136246396689	3	94.0272492793377
ENSG00000107551	59.4822686545144	-26.7411343272572	3	67.4822686545144
ENSG00000107554	38.3966160711879	-16.198308035594	3	46.3966160711879
ENSG00000103876	73.3384421038168	-33.6692210519084	3	81.3384421038168
ENSG00000144791	38.084140178179	-16.0420700890895	3	46.084140178179
ENSG00000165338	33.5978684305307	-13.7989342152653	3	41.5978684305307
ENSG00000232258	-0.628637550310252	3.31431877515513	3	7.37136244968975
ENSG00000154059	44.6614194923456	-19.3307097461728	3	52.6614194923456
ENSG00000260916	68.1225785172484	-31.0612892586242	3	76.1225785172484
ENSG00000125998	-6.31028148575706	6.15514074287853	3	1.68971851424294
ENSG00000125999	-8.00916524719717	7.00458262359859	3	-0.0091652471971706
ENSG00000197746	90.7593830230995	-42.3796915115497	3	98.7593830230995
ENSG00000197747	111.132760131267	-52.5663800656337	3	119.132760131267
ENSG00000150753	62.9321356399972	-28.4660678199986	3	70.9321356399972
ENSG00000175567	59.1112709184648	-26.5556354592324	3	67.1112709184648
ENSG00000150756	48.2979472985129	-21.1489736492565	3	56.2979472985129
ENSG00000197965	58.1782221646777	-26.0891110823388	3	66.1782221646777
ENSG00000100813	44.5245633874545	-19.2622816937273	3	52.5245633874545
ENSG00000197748	31.0047492845509	-12.5023746422755	3	39.0047492845509
ENSG00000106686	30.2951367247229	-12.1475683623615	3	38.2951367247229
ENSG00000169217	59.5060028533748	-26.7530014266874	3	67.5060028533748
ENSG00000121931	49.9398634535282	-21.9699317267641	3	57.9398634535282
ENSG00000169213	50.9094452213572	-22.4547226106786	3	58.9094452213572
ENSG00000170396	-15.2775737927235	10.6387868963618	3	-7.27757379272353
ENSG00000169218	29.058322544328	-11.529161272164	3	37.058322544328
ENSG00000183833	28.7982457658069	-11.3991228829034	3	36.7982457658069
ENSG00000213782	44.4542712832233	-19.2271356416116	3	52.4542712832233
ENSG00000197299	30.5981666216625	-12.2990833108313	3	38.5981666216625
ENSG00000087502	60.0999222294605	-27.0499611147303	3	68.0999222294605
ENSG00000079950	68.1410574545324	-31.0705287272662	3	76.1410574545324
ENSG00000103381	34.3444535830899	-14.172226791545	3	42.3444535830899
ENSG00000107807	-26.1416291463749	16.0708145731874	3	-18.1416291463749
ENSG00000185163	36.8379818657995	-15.4189909328998	3	44.8379818657995
ENSG00000053372	64.6040680637701	-29.302034031885	3	72.6040680637701
ENSG00000146859	65.6412845295856	-29.8206422647928	3	73.6412845295856
ENSG00000121940	55.9816556819958	-24.9908278409979	3	63.9816556819958
ENSG00000156574	19.4849326965578	-6.74246634827888	3	27.4849326965578
ENSG00000146857	-4.68645946307784	5.34322973153892	3	3.31354053692216
ENSG00000198746	21.127154829679	-7.56357741483949	3	29.127154829679
