genename	AIC	lnL	k	AICC
ENSG00000122203	54.233728982304	-24.116864491152	3	62.233728982304
ENSG00000186166	39.5470406189789	-16.7735203094894	3	47.5470406189789
ENSG00000254470	21.1248397686858	-7.56241988434292	3	29.1248397686858
ENSG00000185585	34.2173158755341	-14.1086579377671	3	42.2173158755341
ENSG00000183530	44.2379324294157	-19.1189662147078	3	52.2379324294157
ENSG00000075188	37.4557904432421	-15.7278952216211	3	45.4557904432421
ENSG00000089737	63.7790792220141	-28.889539611007	3	71.779079222014
ENSG00000125965	25.4389112864444	-9.71945564322218	3	33.4389112864444
ENSG00000090376	49.2594299788258	-21.6297149894129	3	57.2594299788258
ENSG00000050426	52.0517898484564	-23.0258949242282	3	60.0517898484564
ENSG00000160218	39.6056250468359	-16.8028125234179	3	47.6056250468359
ENSG00000158321	38.5990475442245	-16.2995237721122	3	46.5990475442245
ENSG00000145337	75.5908455342635	-34.7954227671318	3	83.5908455342635
ENSG00000100439	59.6987950051137	-26.8493975025568	3	67.6987950051137
ENSG00000076706	82.805218951804	-38.402609475902	3	90.805218951804
ENSG00000014123	54.6186171637237	-24.3093085818619	3	62.6186171637237
ENSG00000070669	51.4258717360318	-22.7129358680159	3	59.4258717360318
ENSG00000116824	29.0293615287002	-11.5146807643501	3	37.0293615287002
ENSG00000130433	6.25966116731095	-0.129830583655477	3	14.259661167311
ENSG00000158292	35.179237057901	-14.5896185289505	3	43.179237057901
ENSG00000073060	66.535352056162	-30.267676028081	3	74.535352056162
ENSG00000006712	47.2400195170788	-20.6200097585394	3	55.2400195170788
ENSG00000006715	54.2202726975253	-24.1101363487627	3	62.2202726975253
ENSG00000168621	-21.1925607939035	13.5962803969517	3	-13.1925607939035
ENSG00000158813	19.4170288565364	-6.70851442826822	3	27.4170288565364
ENSG00000196865	55.057953881552	-24.528976940776	3	63.057953881552
ENSG00000196860	40.749010037882	-17.374505018941	3	48.749010037882
ENSG00000158816	-10.9080493369561	8.45402466847806	3	-2.90804933695613
ENSG00000158815	-18.98417738504	12.49208869252	3	-10.98417738504
ENSG00000137522	45.409335693579	-19.7046678467895	3	53.409335693579
ENSG00000184983	88.1101983189632	-41.0550991594816	3	96.1101983189632
ENSG00000157181	48.8330992398505	-21.4165496199252	3	56.8330992398505
ENSG00000100373	15.9567916607784	-4.97839583038922	3	23.9567916607784
ENSG00000100372	61.0056055434181	-27.5028027717091	3	69.0056055434181
ENSG00000100376	37.047971293134	-15.523985646567	3	45.047971293134
ENSG00000150455	25.8793637383372	-9.9396818691686	3	33.8793637383372
ENSG00000130385	5.21314761105612	0.39342619447194	3	13.2131476110561
ENSG00000050393	67.0527109909676	-30.5263554954838	3	75.0527109909676
ENSG00000159055	33.9684515398428	-13.9842257699214	3	41.9684515398428
ENSG00000145982	33.874377649201	-13.9371888246005	3	41.874377649201
ENSG00000165959	45.7702337515283	-19.8851168757642	3	53.7702337515283
ENSG00000152348	48.3745076616111	-21.1872538308055	3	56.3745076616111
ENSG00000110651	79.3114469444775	-36.6557234722388	3	87.3114469444775
ENSG00000120963	101.926999829222	-47.9634999146109	3	109.926999829222
ENSG00000203760	45.3895482088465	-19.6947741044233	3	53.3895482088465
ENSG00000043591	29.119254109796	-11.559627054898	3	37.119254109796
ENSG00000181350	39.82720780728	-16.91360390364	3	47.82720780728
ENSG00000023697	51.0507426462724	-22.5253713231362	3	59.0507426462724
ENSG00000164076	-15.5432750505883	10.7716375252941	3	-7.54327505058829
ENSG00000164077	36.0691812596235	-15.0345906298118	3	44.0691812596235
ENSG00000100196	65.5432935345029	-29.7716467672515	3	73.5432935345029
ENSG00000182916	47.1702391417628	-20.5851195708814	3	55.1702391417628
ENSG00000155393	39.611590961238	-16.805795480619	3	47.611590961238
ENSG00000112874	42.2226024587303	-18.1113012293651	3	50.2226024587303
ENSG00000182919	61.6188228809832	-27.8094114404916	3	69.6188228809832
ENSG00000161642	40.472916831592	-17.236458415796	3	48.472916831592
ENSG00000117153	53.4344178664542	-23.7172089332271	3	61.4344178664542
ENSG00000117152	32.2864788149087	-13.1432394074544	3	40.2864788149087
ENSG00000117151	46.9191535273321	-20.4595767636661	3	54.9191535273321
ENSG00000161649	57.2143807063169	-25.6071903531585	3	65.2143807063169
ENSG00000117155	50.3847214103684	-22.1923607051842	3	58.3847214103684
ENSG00000117154	4.79335252114801	0.603323739425993	3	12.793352521148
ENSG00000141349	36.0715703783247	-15.0357851891623	3	44.0715703783247
ENSG00000110435	50.9062899946575	-22.4531449973288	3	58.9062899946575
ENSG00000110436	19.1746234591472	-6.58731172957358	3	27.1746234591472
ENSG00000173698	30.7043662502984	-12.3521831251492	3	38.7043662502984
ENSG00000100997	47.6490489718827	-20.8245244859413	3	55.6490489718827
ENSG00000280090	-43.0999802402051	24.5499901201025	3	-35.0999802402051
ENSG00000100991	64.974180504359	-29.4870902521795	3	72.974180504359
ENSG00000171984	21.4225465250309	-7.71127326251546	3	29.4225465250309
ENSG00000147813	55.1321833062014	-24.5660916531007	3	63.1321833062014
ENSG00000183580	39.4251519577477	-16.7125759788739	3	47.4251519577477
ENSG00000164532	1.05646389667724	2.47176805166138	3	9.05646389667724
ENSG00000103310	0.801618262699002	2.5991908686505	3	8.801618262699
ENSG00000107614	45.4330453546245	-19.7165226773123	3	53.4330453546245
ENSG00000107341	72.886522495136	-33.443261247568	3	80.886522495136
ENSG00000148120	47.9703499961274	-20.9851749980637	3	55.9703499961274
ENSG00000103316	59.5048600617023	-26.7524300308512	3	67.5048600617023
ENSG00000177947	13.7108134781833	-3.85540673909163	3	21.7108134781833
ENSG00000106565	64.6974908708969	-29.3487454354484	3	72.6974908708969
ENSG00000102048	42.178273213168	-18.089136606584	3	50.178273213168
ENSG00000124788	39.2156309803485	-16.6078154901742	3	47.2156309803485
ENSG00000124789	30.307817953521	-12.1539089767605	3	38.307817953521
ENSG00000124784	39.8589894384324	-16.9294947192162	3	47.8589894384324
ENSG00000124785	50.8930151774617	-22.4465075887309	3	58.8930151774617
ENSG00000124786	39.5042022570246	-16.7521011285123	3	47.5042022570246
ENSG00000124787	43.4323720480294	-18.7161860240147	3	51.4323720480294
ENSG00000163898	12.7402946960596	-3.3701473480298	3	20.7402946960596
ENSG00000124782	39.7370603192888	-16.8685301596444	3	47.7370603192888
ENSG00000124783	71.0541271199889	-32.5270635599944	3	79.0541271199889
ENSG00000139351	68.0229324020092	-31.0114662010046	3	76.0229324020092
ENSG00000139350	48.0108937724826	-21.0054468862413	3	56.0108937724826
ENSG00000094880	48.7917611091863	-21.3958805545931	3	56.7917611091863
ENSG00000147231	4.21101030890468	0.894494845547661	3	12.2110103089047
ENSG00000131165	65.3712272894313	-29.6856136447156	3	73.3712272894313
ENSG00000002016	49.3397279040061	-21.669863952003	3	57.3397279040061
ENSG00000164168	51.8140616899725	-22.9070308449862	3	59.8140616899725
ENSG00000151490	21.9356886752074	-7.96784433760368	3	29.9356886752074
ENSG00000064607	38.1967486816939	-16.098374340847	3	46.1967486816939
ENSG00000134056	80.7516691186573	-37.3758345593287	3	88.7516691186573
ENSG00000140931	59.1891150857029	-26.5945575428515	3	67.1891150857029
ENSG00000064601	61.5211420302343	-27.7605710151171	3	69.5211420302343
ENSG00000065809	56.308940097452	-25.154470048726	3	64.308940097452
ENSG00000143919	24.0643421027431	-9.03217105137156	3	32.0643421027431
ENSG00000177370	44.3392468918494	-19.1696234459247	3	52.3392468918494
ENSG00000102265	58.6998626343467	-26.3499313171733	3	66.6998626343467
ENSG00000180745	4.20954220852502	0.895228895737488	3	12.209542208525
ENSG00000107968	52.4321790821164	-23.2160895410582	3	60.4321790821164
ENSG00000166913	76.2115989667101	-35.105799483355	3	84.2115989667101
ENSG00000166912	52.3513895369736	-23.1756947684868	3	60.3513895369736
ENSG00000188517	25.2941527673917	-9.64707638369587	3	33.2941527673917
ENSG00000147588	40.8990260504941	-17.449513025247	3	48.8990260504941
ENSG00000107960	39.2259339592645	-16.6129669796322	3	47.2259339592645
ENSG00000166321	37.8893864378813	-15.9446932189406	3	45.8893864378813
ENSG00000169641	33.344602962153	-13.6723014810765	3	41.344602962153
ENSG00000167208	14.4104257150242	-4.20521285751211	3	22.4104257150242
ENSG00000084636	49.0769982698442	-21.5384991349221	3	57.0769982698442
ENSG00000240720	-6.51752336426156	6.25876168213078	3	1.48247663573844
ENSG00000168517	29.8957381970085	-11.9478690985043	3	37.8957381970085
ENSG00000095596	-27.3073851688075	16.6536925844038	3	-19.3073851688075
ENSG00000179639	31.4814644196623	-12.7407322098312	3	39.4814644196623
ENSG00000109610	65.7783826214423	-29.8891913107212	3	73.7783826214423
ENSG00000109618	42.2416668327556	-18.1208334163778	3	50.2416668327556
ENSG00000170852	39.2796304580349	-16.6398152290175	3	47.2796304580349
ENSG00000118271	37.9320414332916	-15.9660207166458	3	45.9320414332916
ENSG00000101306	22.4466147544837	-8.22330737724183	3	30.4466147544837
ENSG00000176170	32.4350446652596	-13.2175223326298	3	40.4350446652596
ENSG00000132128	33.2953367787794	-13.6476683893897	3	41.2953367787794
ENSG00000137824	46.4383295653748	-20.2191647826874	3	54.4383295653748
ENSG00000132122	50.1994731554198	-22.0997365777099	3	58.1994731554198
ENSG00000219626	53.1701671173564	-23.5850835586782	3	61.1701671173564
ENSG00000175485	-11.6973671861767	8.84868359308837	3	-3.69736718617673
ENSG00000128923	50.6297652289347	-22.3148826144674	3	58.6297652289347
ENSG00000135842	52.7930984176678	-23.3965492088339	3	60.7930984176678
ENSG00000128928	59.3137136183138	-26.6568568091569	3	67.3137136183138
ENSG00000131831	33.302847190242	-13.651423595121	3	41.302847190242
ENSG00000118096	54.6388575315762	-24.3194287657881	3	62.6388575315762
ENSG00000182885	12.3613898614607	-3.18069493073037	3	20.3613898614607
ENSG00000136463	35.2873154874496	-14.6436577437248	3	43.2873154874496
ENSG00000056736	31.1025460736295	-12.5512730368147	3	39.1025460736295
ENSG00000184154	25.8844447695306	-9.94222238476528	3	33.8844447695306
ENSG00000165934	40.0860919022158	-17.0430459511079	3	48.0860919022158
ENSG00000165935	31.7249802073917	-12.8624901036959	3	39.7249802073917
ENSG00000184402	24.2668776512477	-9.13343882562387	3	32.2668776512477
ENSG00000138172	43.4349081724166	-18.7174540862083	3	51.4349081724166
ENSG00000133477	23.0867948796587	-8.54339743982933	3	31.0867948796587
ENSG00000125656	55.6586584272347	-24.8293292136174	3	63.6586584272347
ENSG00000060971	79.8053899328098	-36.9026949664049	3	87.8053899328098
ENSG00000138175	59.0323544780752	-26.5161772390376	3	67.0323544780752
ENSG00000128694	77.5286731421628	-35.7643365710814	3	85.5286731421628
ENSG00000172273	22.4390202751126	-8.21951013755631	3	30.4390202751126
ENSG00000172270	82.5985151282379	-38.299257564119	3	90.5985151282379
ENSG00000166004	36.5826814524123	-15.2913407262062	3	44.5826814524123
ENSG00000126001	34.5550265200732	-14.2775132600366	3	42.5550265200732
ENSG00000175764	19.9534846213919	-6.97674231069596	3	27.9534846213919
ENSG00000011143	17.0708795546972	-5.53543977734861	3	25.0708795546972
ENSG00000173275	29.4877359177027	-11.7438679588514	3	37.4877359177027
ENSG00000166816	31.9596163719934	-12.9798081859967	3	39.9596163719934
ENSG00000178235	3.07136552297356	1.46431723851322	3	11.0713655229736
ENSG00000149489	19.9869155244293	-6.99345776221463	3	27.9869155244293
ENSG00000164284	36.6088308884057	-15.3044154442028	3	44.6088308884057
ENSG00000206072	13.5747855427088	-3.78739277135441	3	21.5747855427088
ENSG00000104356	18.2153396460148	-6.10766982300738	3	26.2153396460148
ENSG00000206075	40.9363849188547	-17.4681924594274	3	48.9363849188547
ENSG00000113845	56.6234631090034	-25.3117315545017	3	64.6234631090034
ENSG00000108255	44.0688456305449	-19.0344228152725	3	52.0688456305449
ENSG00000113312	52.2193407387158	-23.1096703693579	3	60.2193407387158
ENSG00000144233	45.0648258014412	-19.5324129007206	3	53.0648258014412
ENSG00000154165	16.0676040889518	-5.0338020444759	3	24.0676040889518
ENSG00000119321	38.77274941697	-16.386374708485	3	46.77274941697
ENSG00000153391	51.5279208213735	-22.7639604106868	3	59.5279208213735
ENSG00000119328	43.3730715657104	-18.6865357828552	3	51.3730715657104
ENSG00000104731	27.4857200525169	-10.7428600262585	3	35.4857200525169
ENSG00000104081	32.2245970411116	-13.1122985205558	3	40.2245970411116
ENSG00000271303	62.5640290142811	-28.2820145071405	3	70.5640290142811
ENSG00000104738	40.2856218178863	-17.1428109089432	3	48.2856218178863
ENSG00000005102	36.5201682195691	-15.2600841097845	3	44.5201682195691
ENSG00000122694	83.0026033537739	-38.5013016768869	3	91.0026033537739
ENSG00000122692	58.0320321738981	-26.0160160869491	3	66.0320321738981
ENSG00000185442	60.5870243680524	-27.2935121840262	3	68.5870243680524
ENSG00000170006	57.7008402225575	-25.8504201112787	3	65.7008402225575
ENSG00000196453	23.7205464529154	-8.86027322645772	3	31.7205464529154
ENSG00000174720	55.6717612200703	-24.8358806100352	3	63.6717612200703
ENSG00000174059	75.9014137316287	-34.9507068658144	3	83.9014137316287
ENSG00000197496	22.3030100732639	-8.15150503663196	3	30.3030100732639
ENSG00000120697	50.4270016982985	-22.2135008491493	3	58.4270016982985
ENSG00000175894	-19.221462458107	12.6107312290535	3	-11.221462458107
ENSG00000124155	46.1131729893478	-20.0565864946739	3	54.1131729893478
ENSG00000197321	64.0635588910155	-29.0317794455077	3	72.0635588910155
ENSG00000171757	29.3496242934885	-11.6748121467443	3	37.3496242934885
ENSG00000150667	29.8754153821249	-11.9377076910625	3	37.8754153821249
ENSG00000171759	20.2757712247441	-7.13788561237203	3	28.2757712247441
ENSG00000179562	22.5331568184675	-8.26657840923373	3	30.5331568184675
ENSG00000130177	49.0845746733779	-21.5422873366889	3	57.0845746733779
ENSG00000120699	45.4011869981306	-19.7005934990653	3	53.4011869981306
ENSG00000169836	15.8396659532319	-4.91983297661593	3	23.8396659532319
ENSG00000140743	49.2174875489536	-21.6087437744768	3	57.2174875489536
ENSG00000140030	17.6126098099545	-5.80630490497728	3	25.6126098099545
ENSG00000140749	28.5069976232894	-11.2534988116447	3	36.5069976232894
ENSG00000170915	20.1176003015249	-7.05880015076245	3	28.1176003015249
ENSG00000170917	48.256598490556	-21.128299245278	3	56.256598490556
ENSG00000076043	72.5334910937723	-33.2667455468861	3	80.5334910937723
ENSG00000111911	76.4200696182046	-35.2100348091023	3	84.4200696182046
ENSG00000120341	30.7671658280262	-12.3835829140131	3	38.7671658280262
ENSG00000111913	22.6526543621254	-8.3263271810627	3	30.6526543621254
ENSG00000111912	58.6440192518781	-26.3220096259391	3	66.6440192518781
ENSG00000117360	47.8871618517053	-20.9435809258527	3	55.8871618517053
ENSG00000117362	54.1916671551076	-24.0958335775538	3	62.1916671551076
ENSG00000185056	45.1658587860346	-19.5829293930173	3	53.1658587860346
ENSG00000006453	56.9621568619873	-25.4810784309936	3	64.9621568619873
ENSG00000006451	58.1730421060501	-26.086521053025	3	66.1730421060501
ENSG00000160182	23.9075940373936	-8.9537970186968	3	31.9075940373936
ENSG00000160188	16.7643199297597	-5.38215996487986	3	24.7643199297597
ENSG00000014138	29.1373634517915	-11.5686817258958	3	37.1373634517915
ENSG00000106771	71.2842614380482	-32.6421307190241	3	79.2842614380482
ENSG00000198673	22.4725651015481	-8.23628255077405	3	30.4725651015481
ENSG00000103056	50.2507303552535	-22.1253651776267	3	58.2507303552535
ENSG00000041515	-8.32385288368142	7.16192644184071	3	-0.323852883681418
ENSG00000151532	71.250827834881	-32.6254139174405	3	79.250827834881
ENSG00000103051	53.2645300673286	-23.6322650336643	3	61.2645300673286
ENSG00000103502	40.9991259555756	-17.4995629777878	3	48.9991259555756
ENSG00000111291	28.3192902485042	-11.1596451242521	3	36.3192902485042
ENSG00000139998	23.6375006503203	-8.81875032516017	3	31.6375006503203
ENSG00000176769	-23.2836082985706	14.6418041492853	3	-15.2836082985706
ENSG00000152133	48.8719669738488	-21.4359834869244	3	56.8719669738488
ENSG00000152137	62.1987246644412	-28.0993623322206	3	70.1987246644412
ENSG00000174943	32.6930654356227	-13.3465327178113	3	40.6930654356227
ENSG00000215883	29.4409811353116	-11.7204905676558	3	37.4409811353116
ENSG00000102908	55.9193206903693	-24.9596603451846	3	63.9193206903693
ENSG00000174946	24.2429224282375	-9.12146121411877	3	32.2429224282375
ENSG00000174945	12.4323457507646	-3.21617287538231	3	20.4323457507646
ENSG00000174944	28.3793835587126	-11.1896917793563	3	36.3793835587126
ENSG00000106483	72.6911758006288	-33.3455879003144	3	80.6911758006288
ENSG00000102900	33.8554315359761	-13.927715767988	3	41.8554315359761
ENSG00000174948	3.38236987212999	1.308815063935	3	11.38236987213
ENSG00000102904	8.01901753001091	-1.00950876500546	3	16.0190175300109
ENSG00000106484	82.553736017735	-38.2768680088675	3	90.553736017735
ENSG00000143217	26.2675406183137	-10.1337703091569	3	34.2675406183137
ENSG00000175097	28.3693543176195	-11.1846771588098	3	36.3693543176195
ENSG00000171530	100.73656577432	-47.3682828871599	3	108.73656577432
ENSG00000124333	55.2347922553452	-24.6173961276726	3	63.2347922553452
ENSG00000176542	47.7822176376066	-20.8911088188033	3	55.7822176376066
ENSG00000136813	54.8024445640849	-24.4012222820424	3	62.8024445640849
ENSG00000136811	31.4081190161429	-12.7040595080714	3	39.4081190161429
ENSG00000136810	105.553114282135	-49.7765571410675	3	113.553114282135
ENSG00000136816	36.62653070089	-15.313265350445	3	44.62653070089
ENSG00000184232	55.3300234382899	-24.6650117191449	3	63.3300234382899
ENSG00000178776	31.1982997457837	-12.5991498728919	3	39.1982997457837
ENSG00000143079	45.0577459983478	-19.5288729991739	3	53.0577459983478
ENSG00000178804	-2.96796238783707	4.48398119391854	3	5.03203761216293
ENSG00000204564	44.3132324030377	-19.1566162015188	3	52.3132324030377
ENSG00000168724	52.4359895407658	-23.2179947703829	3	60.4359895407658
ENSG00000204568	53.897894451262	-23.948947225631	3	61.897894451262
ENSG00000092020	45.3295956688618	-19.6647978344309	3	53.3295956688618
ENSG00000185946	50.1481365224525	-22.0740682612263	3	58.1481365224525
ENSG00000114631	14.3433167060113	-4.17165835300563	3	22.3433167060113
ENSG00000188729	8.87518829035747	-1.43759414517873	3	16.8751882903575
ENSG00000114638	24.6050740122819	-9.30253700614097	3	32.6050740122819
ENSG00000102678	9.38031167028329	-1.69015583514164	3	17.3803116702833
ENSG00000099203	34.1002580048904	-14.0501290024452	3	42.1002580048904
ENSG00000204624	17.4370657145654	-5.71853285728269	3	25.4370657145654
ENSG00000106952	17.8146635561986	-5.9073317780993	3	25.8146635561986
ENSG00000115325	39.2625873858225	-16.6312936929112	3	47.2625873858225
ENSG00000069399	23.0383164959341	-8.51915824796707	3	31.0383164959341
ENSG00000114982	38.649290265383	-16.3246451326915	3	46.649290265383
ENSG00000114988	32.3625508753951	-13.1812754376975	3	40.3625508753951
ENSG00000132823	60.3553228079225	-27.1776614039612	3	68.3553228079225
ENSG00000132821	13.493107688786	-3.746553844393	3	21.493107688786
ENSG00000204195	11.4531690538909	-2.72658452694544	3	19.4531690538909
ENSG00000129422	66.8946517494712	-30.4473258747356	3	74.8946517494712
ENSG00000177143	-14.9379090964053	10.4689545482026	3	-6.93790909640526
ENSG00000004779	72.084715409078	-33.042357704539	3	80.084715409078
ENSG00000133661	11.7457092406362	-2.87285462031808	3	19.7457092406362
ENSG00000004776	74.6921007362995	-34.3460503681498	3	82.6921007362995
ENSG00000139651	50.0683687955847	-22.0341843977924	3	58.0683687955847
ENSG00000172046	40.9287895041827	-17.4643947520914	3	48.9287895041827
ENSG00000135108	55.9183032311466	-24.9591516155733	3	63.9183032311466
ENSG00000187764	37.0557699150518	-15.5278849575259	3	45.0557699150518
ENSG00000162601	49.5076348302066	-21.7538174151033	3	57.5076348302066
ENSG00000162600	45.6147536492406	-19.8073768246203	3	53.6147536492406
ENSG00000162607	45.228205266073	-19.6141026330365	3	53.228205266073
ENSG00000162604	56.3178773387764	-25.1589386693882	3	64.3178773387764
ENSG00000173641	61.695774239698	-27.847887119849	3	69.695774239698
ENSG00000173391	26.6623755556613	-10.3311877778307	3	34.6623755556613
ENSG00000136100	46.1708809729527	-20.0854404864764	3	54.1708809729527
ENSG00000185610	-3.44765669376328	4.72382834688164	3	4.55234330623672
ENSG00000146425	95.4790503207685	-44.7395251603843	3	103.479050320769
ENSG00000136104	40.8166794250508	-17.4083397125254	3	48.8166794250508
ENSG00000185614	33.4908183652606	-13.7454091826303	3	41.4908183652606
ENSG00000169926	65.6316544930688	-29.8158272465344	3	73.6316544930688
ENSG00000145681	17.3998975928269	-5.69994879641345	3	25.3998975928269
ENSG00000183475	18.1404287136995	-6.07021435684975	3	26.1404287136995
ENSG00000163516	32.5949524065766	-13.2974762032883	3	40.5949524065766
ENSG00000163517	37.3651689521273	-15.6825844760637	3	45.3651689521273
ENSG00000259494	39.7720935540969	-16.8860467770484	3	47.7720935540969
ENSG00000163513	67.6969491980081	-30.848474599004	3	75.6969491980081
ENSG00000214022	43.1346564435043	-18.5673282217522	3	51.1346564435043
ENSG00000180269	-24.3538929116407	15.1769464558203	3	-16.3538929116407
ENSG00000205571	55.7936894483763	-24.8968447241882	3	63.7936894483763
ENSG00000128228	36.8656506703717	-15.4328253351859	3	44.8656506703717
ENSG00000187546	49.836530246546	-21.918265123273	3	57.836530246546
ENSG00000180263	37.5543814922546	-15.7771907461273	3	45.5543814922546
ENSG00000070061	35.9350263232807	-14.9675131616403	3	43.9350263232807
ENSG00000112679	51.697549566093	-22.8487747830465	3	59.697549566093
ENSG00000106077	53.6782044135553	-23.8391022067776	3	61.6782044135553
ENSG00000077235	34.8742728451509	-14.4371364225754	3	42.8742728451509
ENSG00000077585	46.8218736635085	-20.4109368317543	3	54.8218736635085
ENSG00000077238	45.5674786695123	-19.7837393347561	3	53.5674786695123
ENSG00000125945	42.1626529430825	-18.0813264715413	3	50.1626529430825
ENSG00000128274	51.3370756488948	-22.6685378244474	3	59.3370756488948
ENSG00000090316	83.0421681835273	-38.5210840917636	3	91.0421681835273
ENSG00000022277	55.7249638968125	-24.8624819484062	3	63.7249638968125
ENSG00000106078	33.2470179837334	-13.6235089918667	3	41.2470179837334
ENSG00000008394	98.3868173248927	-46.1934086624464	3	106.386817324893
ENSG00000116809	29.2706028261068	-11.6353014130534	3	37.2706028261068
ENSG00000112584	42.2462419387378	-18.1231209693689	3	50.2462419387378
ENSG00000139908	20.2525476794824	-7.12627383974122	3	28.2525476794824
ENSG00000070601	-6.03949484860132	6.01974742430066	3	1.96050515139868
ENSG00000074582	38.9508293906275	-16.4754146953138	3	46.9508293906275
ENSG00000153879	62.7308334783638	-28.3654167391819	3	70.7308334783638
ENSG00000101596	60.2598132829453	-27.1299066414727	3	68.2598132829453
ENSG00000196843	31.4935087493731	-12.7467543746865	3	39.4935087493731
ENSG00000137507	32.45103993101	-13.225519965505	3	40.45103993101
ENSG00000133884	43.9716599074377	-18.9858299537189	3	51.9716599074377
ENSG00000137502	58.7203181581042	-26.3601590790521	3	66.7203181581042
ENSG00000155100	62.3561493617876	-28.1780746808938	3	70.3561493617876
ENSG00000137500	51.2672047425043	-22.6336023712522	3	59.2672047425043
ENSG00000138231	29.6885244663683	-11.8442622331842	3	37.6885244663683
ENSG00000164896	39.9380296049099	-16.969014802455	3	47.9380296049099
ENSG00000164897	34.7717408946592	-14.3858704473296	3	42.7717408946592
ENSG00000148688	45.2511374520992	-19.6255687260496	3	53.2511374520992
ENSG00000100427	-7.28165701385877	6.64082850692938	3	0.718342986141234
ENSG00000144152	40.9453529067189	-17.4726764533595	3	48.9453529067189
ENSG00000100351	26.8574507125072	-10.4287253562536	3	34.8574507125072
ENSG00000100350	40.5908069956729	-17.2954034978365	3	48.5908069956729
ENSG00000100353	64.3396424459312	-29.1698212229656	3	72.3396424459312
ENSG00000182704	49.7170987477505	-21.8585493738752	3	57.7170987477505
ENSG00000100359	33.650081587428	-13.825040793714	3	41.650081587428
ENSG00000155629	29.649392852114	-11.824696426057	3	37.649392852114
ENSG00000186638	1.3490303072443	2.32548484637785	3	9.3490303072443
ENSG00000186141	45.5309571724164	-19.7654785862082	3	53.5309571724164
ENSG00000122223	25.3273837945298	-9.66369189726492	3	33.3273837945298
ENSG00000196154	113.657520643063	-53.8287603215314	3	121.657520643063
ENSG00000203747	49.1035174877465	-21.5517587438733	3	57.1035174877465
ENSG00000110987	28.3115286859693	-11.1557643429847	3	36.3115286859693
ENSG00000196151	42.0169353760679	-18.0084676880339	3	50.0169353760679
ENSG00000203740	15.8263588442212	-4.91317942211061	3	23.8263588442212
ENSG00000164096	104.101890531311	-49.0509452656553	3	112.101890531311
ENSG00000164091	59.2197274015975	-26.6098637007987	3	67.2197274015975
ENSG00000164093	1.7704438938601	2.11477805306995	3	9.7704438938601
ENSG00000144031	28.4303015769236	-11.2151507884618	3	36.4303015769236
ENSG00000128342	4.00427933275377	0.997860333623114	3	12.0042793327538
ENSG00000164099	48.5821154329148	-21.2910577164574	3	56.5821154329148
ENSG00000128346	32.3385692093603	-13.1692846046801	3	40.3385692093603
ENSG00000120594	66.5671127979738	-30.2835563989869	3	74.5671127979738
ENSG00000182645	22.980174111167	-8.49008705558349	3	30.980174111167
ENSG00000197798	35.6590630412026	-14.8295315206013	3	43.6590630412026
ENSG00000117174	45.438055859814	-19.719027929907	3	53.438055859814
ENSG00000099785	53.8854091719526	-23.9427045859763	3	61.8854091719526
ENSG00000170027	79.18942274254	-36.59471137127	3	87.18942274254
ENSG00000072609	43.3244234355298	-18.6622117177649	3	51.3244234355298
ENSG00000076984	39.2354038338854	-16.6177019169427	3	47.2354038338854
ENSG00000175390	81.1346313620327	-37.5673156810163	3	89.1346313620327
ENSG00000132676	54.3792736442941	-24.189636822147	3	62.3792736442941
ENSG00000107362	39.3381459381111	-16.6690729690555	3	47.3381459381111
ENSG00000140481	-5.85197103716645	5.92598551858323	3	2.14802896283355
ENSG00000104883	35.4291959554939	-14.7145979777469	3	43.4291959554939
ENSG00000139531	38.0435898348341	-16.0217949174171	3	46.0435898348341
ENSG00000198089	45.6369537464864	-19.8184768732432	3	53.6369537464864
ENSG00000106012	22.9665792351748	-8.48328961758738	3	30.9665792351748
ENSG00000106541	13.9309208137099	-3.96546040685493	3	21.9309208137099
ENSG00000134882	47.2725393050922	-20.6362696525461	3	55.2725393050922
ENSG00000198087	55.4699450233913	-24.7349725116956	3	63.4699450233913
ENSG00000106018	28.5217598304065	-11.2608799152032	3	36.5217598304065
ENSG00000134884	71.3639381993914	-32.6819690996957	3	79.3639381993914
ENSG00000105971	89.958172804193	-41.9790864020965	3	97.958172804193
ENSG00000175216	35.957216302089	-14.9786081510445	3	43.957216302089
ENSG00000111581	50.9232234273327	-22.4616117136664	3	58.9232234273327
ENSG00000175175	-3.12920664818465	4.56460332409232	3	4.87079335181535
ENSG00000139537	17.8487285907389	-5.92436429536944	3	25.8487285907389
ENSG00000128482	3.87911338985346	1.06044330507327	3	11.8791133898535
ENSG00000131100	81.8173070156474	-37.9086535078237	3	89.8173070156474
ENSG00000103197	36.5944523482457	-15.2972261741228	3	44.5944523482457
ENSG00000103194	40.4489370246703	-17.2244685123351	3	48.4489370246703
ENSG00000113722	-17.4385322457377	11.7192661228688	3	-9.43853224573769
ENSG00000086189	41.3086424030015	-17.6543212015008	3	49.3086424030015
ENSG00000140263	67.4251276617678	-30.7125638308839	3	75.4251276617678
ENSG00000160570	23.7798680227729	-8.88993401138647	3	31.7798680227729
ENSG00000140264	106.776228779662	-50.3881143898312	3	114.776228779662
ENSG00000198336	19.4520912907989	-6.72604564539947	3	27.4520912907989
ENSG00000163075	0.943152929730334	2.52842353513483	3	8.94315292973033
ENSG00000065534	51.5384295378374	-22.7692147689187	3	59.5384295378374
ENSG00000163072	56.5253003382168	-25.2626501691084	3	64.5253003382168
ENSG00000163071	10.6123324957297	-2.30616624786484	3	18.6123324957297
ENSG00000198331	32.6408419419372	-13.3204209709686	3	40.6408419419372
ENSG00000013563	53.9693276263291	-23.9846638131645	3	61.9693276263291
ENSG00000178015	3.4259556475533	1.28702217622335	3	11.4259556475533
ENSG00000079459	65.5063444362916	-29.7531722181458	3	73.5063444362916
ENSG00000087448	40.2287999864465	-17.1143999932232	3	48.2287999864465
ENSG00000104884	14.6479802460322	-4.3239901230161	3	22.6479802460322
ENSG00000082126	-4.58796014307842	5.29398007153921	3	3.41203985692158
ENSG00000205808	35.5467764708733	-14.7733882354367	3	43.5467764708733
ENSG00000107949	50.5612381852303	-22.2806190926151	3	58.5612381852303
ENSG00000012963	47.9206256697669	-20.9603128348834	3	55.9206256697669
ENSG00000169116	50.9235600069712	-22.4617800034856	3	58.9235600069712
ENSG00000203778	83.5697313853783	-38.7848656926892	3	91.5697313853783
ENSG00000160799	74.1488205221877	-34.0744102610939	3	82.1488205221877
ENSG00000183283	64.7966539606384	-29.3983269803192	3	72.7966539606384
ENSG00000183287	22.7645592509506	-8.3822796254753	3	30.7645592509506
ENSG00000167220	54.7447430778773	-24.3723715389387	3	62.7447430778773
ENSG00000092929	16.4189733632463	-5.20948668162316	3	24.4189733632463
ENSG00000213930	39.9801571366505	-16.9900785683253	3	47.9801571366505
ENSG00000163219	33.3284913515419	-13.664245675771	3	41.3284913515419
ENSG00000168040	59.4164158431478	-26.7082079215739	3	67.4164158431478
ENSG00000058729	41.3863547447605	-17.6931773723803	3	49.3863547447605
ENSG00000180096	34.0068107239207	-14.0034053619603	3	42.0068107239207
ENSG00000180098	43.4480553622894	-18.7240276811447	3	51.4480553622894
ENSG00000118526	8.57286325549654	-1.28643162774827	3	16.5728632554965
ENSG00000118523	50.29226377595	-22.146131887975	3	58.29226377595
ENSG00000118520	36.5137051049384	-15.2568525524692	3	44.5137051049384
ENSG00000198398	30.6856794939376	-12.3428397469688	3	38.6856794939376
ENSG00000149657	45.5666987256625	-19.7833493628312	3	53.5666987256625
ENSG00000146166	-27.5681198360714	16.7840599180357	3	-19.5681198360714
ENSG00000149300	46.2486458561482	-20.1243229280741	3	54.2486458561482
ENSG00000102245	18.6404989932458	-6.32024949662289	3	26.6404989932458
ENSG00000036473	14.1496247137575	-4.07481235687873	3	22.1496247137575
ENSG00000138821	48.2752096619643	-21.1376048309822	3	56.2752096619643
ENSG00000102243	-3.23367389931241	4.6168369496562	3	4.76632610068759
ENSG00000138823	14.1102671531364	-4.0551335765682	3	22.1102671531364
ENSG00000028310	44.8678554073304	-19.4339277036652	3	52.8678554073304
ENSG00000128908	36.7298107897717	-15.3649053948858	3	44.7298107897717
ENSG00000166888	42.7655447039592	-18.3827723519796	3	50.7655447039592
ENSG00000148308	29.53114746267	-11.765573731335	3	37.53114746267
ENSG00000183908	-4.72752172600584	5.36376086300292	3	3.27247827399416
ENSG00000135823	44.7504820249299	-19.375241012465	3	52.7504820249299
ENSG00000166246	5.85648393105869	0.0717580344706524	3	13.8564839310587
ENSG00000188334	4.24766190035534	0.876169049822329	3	12.2476619003553
ENSG00000135824	10.6250721652655	-2.31253608263274	3	18.6250721652655
ENSG00000123106	54.6906849176931	-24.3453424588466	3	62.6906849176931
ENSG00000135829	68.4184763130896	-31.2092381565448	3	76.4184763130896
ENSG00000135828	43.7093115026793	-18.8546557513397	3	51.7093115026793
ENSG00000188396	4.47999873993471	0.760000630032647	3	12.4799987399347
ENSG00000152932	23.6477611100631	-8.82388055503153	3	31.6477611100631
ENSG00000078328	29.6023423380644	-11.8011711690322	3	37.6023423380644
ENSG00000152939	26.0909995837994	-10.0454997918997	3	34.0909995837994
ENSG00000165912	51.9237487003525	-22.9618743501762	3	59.9237487003525
ENSG00000165915	43.1199360332928	-18.5599680166464	3	51.1199360332928
ENSG00000063978	64.410376853128	-29.205188426564	3	72.410376853128
ENSG00000127954	71.2310800982051	-32.6155400491025	3	79.2310800982051
ENSG00000127483	69.9305342590171	-31.9652671295085	3	77.9305342590171
ENSG00000127952	32.258583842428	-13.129291921214	3	40.258583842428
ENSG00000127481	43.8963651570889	-18.9481825785445	3	51.8963651570889
ENSG00000249242	47.1080776536472	-20.5540388268236	3	55.1080776536472
ENSG00000188487	16.9506361625861	-5.47531808129307	3	24.9506361625861
ENSG00000166797	67.4497627587386	-30.7248813793693	3	75.4497627587386
ENSG00000162039	61.0484488484074	-27.5242244242037	3	69.0484488484074
ENSG00000166069	-9.60708946485367	7.80354473242684	3	-1.60708946485367
ENSG00000166068	49.3647195599988	-21.6823597799994	3	57.3647195599988
ENSG00000215529	5.88521482040968	0.05739258979516	3	13.8852148204097
ENSG00000173253	45.1573869149779	-19.578693457489	3	53.1573869149779
ENSG00000173250	-4.56331101002495	5.28165550501247	3	3.43668898997505
ENSG00000141854	8.27540022047447	-1.13770011023723	3	16.2754002204745
ENSG00000115464	53.4504617497436	-23.7252308748718	3	61.4504617497436
ENSG00000115461	86.8355771732132	-40.4177885866066	3	94.8355771732132
ENSG00000196228	9.6380846805527	-1.81904234027635	3	17.6380846805527
ENSG00000119698	23.9465357731349	-8.97326788656747	3	31.9465357731349
ENSG00000119699	66.9986545543873	-30.4993272771936	3	74.9986545543873
ENSG00000116161	78.6412806881105	-36.3206403440553	3	86.6412806881105
ENSG00000168994	74.1651379275107	-34.0825689637553	3	82.1651379275107
ENSG00000112116	11.1506889777756	-2.57534448888779	3	19.1506889777756
ENSG00000112110	55.5237865355445	-24.7618932677723	3	63.5237865355445
ENSG00000206053	45.2221513857021	-19.6110756928511	3	53.2221513857021
ENSG00000206052	39.7682249521801	-16.88411247609	3	47.7682249521801
ENSG00000074935	50.2714060653697	-22.1357030326849	3	58.2714060653697
ENSG00000112118	36.3242108565609	-15.1621054282804	3	44.3242108565609
ENSG00000204386	35.7755875973906	-14.8877937986953	3	43.7755875973906
ENSG00000021776	29.9745764463059	-11.9872882231529	3	37.9745764463059
ENSG00000204381	55.5604898225934	-24.7802449112967	3	63.5604898225934
ENSG00000154143	2.6689362674729	1.66553186626355	3	10.6689362674729
ENSG00000101294	56.4231507876867	-25.2115753938434	3	64.4231507876868
ENSG00000137976	24.5474378173215	-9.27371890866076	3	32.5474378173215
ENSG00000141655	35.9177397428981	-14.958869871449	3	43.9177397428981
ENSG00000101298	13.3601262632313	-3.68006313161565	3	21.3601262632313
ENSG00000104714	38.3240611867728	-16.1620305933864	3	46.3240611867728
ENSG00000165264	83.2905732469145	-38.6452866234572	3	91.2905732469145
ENSG00000010219	39.4139243910212	-16.7069621955106	3	47.4139243910212
ENSG00000154727	47.9966512724047	-20.9983256362024	3	55.9966512724047
ENSG00000101126	45.4182344185671	-19.7091172092835	3	53.4182344185671
ENSG00000154721	60.3445087250414	-27.1722543625207	3	68.3445087250414
ENSG00000154723	98.5332686223056	-46.2666343111528	3	106.533268622306
ENSG00000234828	-0.185721566764093	3.09286078338205	3	7.81427843323591
ENSG00000117305	61.4926106957956	-27.7463053478978	3	69.4926106957956
ENSG00000174705	54.068112699096	-24.034056349548	3	62.068112699096
ENSG00000125885	35.6421446115238	-14.8210723057619	3	43.6421446115238
ENSG00000125888	28.6322235467362	-11.3161117733681	3	36.6322235467362
ENSG00000164794	3.78137347227051	1.10931326386475	3	11.7813734722705
ENSG00000239282	45.7231687135068	-19.8615843567534	3	53.7231687135068
ENSG00000158019	45.0846483049461	-19.5423241524731	3	53.0846483049461
ENSG00000117691	93.8992421642741	-43.9496210821371	3	101.899242164274
ENSG00000113532	35.4980532100587	-14.7490266050294	3	43.4980532100587
ENSG00000117697	46.244069554556	-20.122034777278	3	54.244069554556
ENSG00000006695	19.7991785178662	-6.89958925893309	3	27.7991785178662
ENSG00000085365	49.4110908666494	-21.7055454333247	3	57.4110908666494
ENSG00000185621	31.6838739719826	-12.8419369859913	3	39.6838739719826
ENSG00000168591	32.7668447588424	-13.3834223794212	3	40.7668447588424
ENSG00000090432	46.7166555460925	-20.3583277730463	3	54.7166555460925
ENSG00000004838	13.2817093024493	-3.64085465122463	3	21.2817093024493
ENSG00000213694	36.800577583873	-15.4002887919365	3	44.800577583873
ENSG00000125084	-11.338347210489	8.66917360524451	3	-3.33834721048903
ENSG00000086544	31.5467878495072	-12.7733939247536	3	39.5467878495072
ENSG00000205030	-23.1215761903414	14.5607880951707	3	-15.1215761903414
ENSG00000168267	9.94961704216514	-1.97480852108257	3	17.9496170421651
ENSG00000075568	44.7548249246893	-19.3774124623446	3	52.7548249246893
ENSG00000167283	107.538362984349	-50.7691814921743	3	115.538362984349
ENSG00000039600	-24.2061041535329	15.1030520767664	3	-16.2061041535329
ENSG00000164136	55.1205083924069	-24.5602541962035	3	63.1205083924069
ENSG00000156427	20.6479450176424	-7.32397250882118	3	28.6479450176424
ENSG00000198650	29.4312656697658	-11.7156328348829	3	37.4312656697658
ENSG00000171885	56.0709847570285	-25.0354923785143	3	64.0709847570285
ENSG00000171735	56.4737289651334	-25.2368644825667	3	64.4737289651334
ENSG00000123485	22.6353436254028	-8.31767181270141	3	30.6353436254028
ENSG00000125629	61.5426399248962	-27.7713199624481	3	69.5426399248962
ENSG00000160963	-5.5061924127296	5.7530962063648	3	2.4938075872704
ENSG00000170425	40.7429762701006	-17.3714881350503	3	48.7429762701006
ENSG00000170426	51.1114908244611	-22.5557454122306	3	59.1114908244611
ENSG00000174963	11.5933024525605	-2.79665122628027	3	19.5933024525605
ENSG00000170423	-13.8303915146478	9.91519575732389	3	-5.83039151464778
ENSG00000144959	31.9517359556867	-12.9758679778433	3	39.9517359556867
ENSG00000143278	10.6989402370605	-2.34947011853023	3	18.6989402370605
ENSG00000124688	39.4223064361258	-16.7111532180629	3	47.4223064361258
ENSG00000169567	92.7814445731789	-43.3907222865895	3	100.781444573179
ENSG00000176834	45.1929125727809	-19.5964562863904	3	53.1929125727809
ENSG00000136830	50.2324944385899	-22.116247219295	3	58.2324944385899
ENSG00000204815	43.4860295412904	-18.7430147706452	3	51.4860295412904
ENSG00000110375	22.0316755539826	-8.01583777699129	3	30.0316755539826
ENSG00000134697	46.0526475046303	-20.0263237523152	3	54.0526475046303
ENSG00000165325	25.6414116241239	-9.82070581206193	3	33.6414116241238
ENSG00000134690	17.5171944041374	-5.75859720206872	3	25.5171944041374
ENSG00000168743	23.3299507267956	-8.66497536339782	3	31.3299507267956
ENSG00000092009	49.7120953717092	-21.8560476858546	3	57.7120953717092
ENSG00000108861	47.5011582057313	-20.7505791028657	3	55.5011582057313
ENSG00000215203	1.15915540238319	2.4204222988084	3	9.15915540238319
ENSG00000204052	-1.73263843564283	3.86631921782141	3	6.26736156435717
ENSG00000143891	51.9075358831778	-22.9537679415889	3	59.9075358831778
ENSG00000071246	34.2019352457132	-14.1009676228566	3	42.2019352457132
ENSG00000035115	42.8368238263798	-18.4184119131899	3	50.8368238263798
ENSG00000132297	-27.8310122793411	16.9155061396705	3	-19.8310122793411
ENSG00000105928	37.0983245181488	-15.5491622590744	3	45.0983245181488
ENSG00000132669	50.4145797304107	-22.2072898652054	3	58.4145797304107
ENSG00000132664	35.2461988216477	-14.6230994108238	3	43.2461988216477
ENSG00000027869	14.0267035216791	-4.01335176083954	3	22.0267035216791
ENSG00000145335	46.1964768336416	-20.0982384168208	3	54.1964768336416
ENSG00000177614	7.43779416497496	-0.718897082487481	3	15.437794164975
ENSG00000119596	49.1663170238079	-21.5831585119039	3	57.1663170238079
ENSG00000145331	57.5098526539209	-25.7549263269604	3	65.5098526539209
ENSG00000145332	35.6362822123745	-14.8181411061873	3	43.6362822123745
ENSG00000162980	58.1658797537355	-26.0829398768677	3	66.1658797537355
ENSG00000163686	39.4487278906027	-16.7243639453014	3	47.4487278906027
ENSG00000163687	47.7942222216726	-20.8971111108363	3	55.7942222216726
ENSG00000163681	49.6587399060106	-21.8293699530053	3	57.6587399060106
ENSG00000119147	25.160871755453	-9.5804358777265	3	33.160871755453
ENSG00000133641	45.8945903522625	-19.9472951761312	3	53.8945903522625
ENSG00000205639	40.2466811323441	-17.1233405661721	3	48.2466811323441
ENSG00000148843	28.0543564053322	-11.0271782026661	3	36.0543564053322
ENSG00000179085	81.0141017963867	-37.5070508981934	3	89.0141017963867
ENSG00000228567	-26.1539558844114	16.0769779422057	3	-18.1539558844114
ENSG00000172061	10.6151380272685	-2.30756901363426	3	18.6151380272685
ENSG00000135127	20.395315364759	-7.19765768237952	3	28.395315364759
ENSG00000057657	18.5894857211353	-6.29474286056765	3	26.5894857211353
ENSG00000162620	42.410633251764	-18.205316625882	3	50.410633251764
ENSG00000162623	49.206448703504	-21.603224351752	3	57.206448703504
ENSG00000188706	41.6205391533726	-17.8102695766863	3	49.6205391533726
ENSG00000147799	26.8436290570608	-10.4218145285304	3	34.8436290570608
ENSG00000136160	47.5643555313236	-20.7821777656618	3	55.5643555313236
ENSG00000165071	40.3488078997319	-17.1744039498659	3	48.3488078997319
ENSG00000165072	50.6752104636309	-22.3376052318155	3	58.6752104636309
ENSG00000136699	32.3994609147198	-13.1997304573599	3	40.3994609147198
ENSG00000136169	40.9759347053144	-17.4879673526572	3	48.9759347053144
ENSG00000115875	65.4178286676247	-29.7089143338123	3	73.4178286676247
ENSG00000165078	25.2916777719079	-9.64583888595396	3	33.2916777719079
ENSG00000163536	29.0600133436846	-11.5300066718423	3	37.0600133436846
ENSG00000183496	18.3968719153553	-6.19843595767767	3	26.3968719153553
ENSG00000169903	4.20647998143966	0.896760009280168	3	12.2064799814397
ENSG00000163535	55.5728961822672	-24.7864480911336	3	63.5728961822672
ENSG00000154556	45.5514600699529	-19.7757300349764	3	53.5514600699529
ENSG00000169906	48.375030084564	-21.187515042282	3	56.375030084564
ENSG00000169908	67.439134544105	-30.7195672720525	3	75.439134544105
ENSG00000069849	52.4389504691735	-23.2194752345868	3	60.4389504691735
ENSG00000155816	11.5688692003443	-2.78443460017217	3	19.5688692003443
ENSG00000089902	45.060503854033	-19.5302519270165	3	53.060503854033
ENSG00000180287	23.1478394329836	-8.5739197164918	3	31.1478394329836
ENSG00000172399	59.9720792634353	-26.9860396317176	3	67.9720792634353
ENSG00000187689	-6.88754969885776	6.44377484942888	3	1.11245030114224
ENSG00000025796	58.0754390941829	-26.0377195470915	3	66.0754390941829
ENSG00000070047	28.4507685442364	-11.2253842721182	3	36.4507685442364
ENSG00000114473	35.0796671640986	-14.5398335820493	3	43.0796671640986
ENSG00000090339	49.8972981030151	-21.9486490515076	3	57.8972981030151
ENSG00000278259	40.2112496194712	-17.1056248097356	3	48.2112496194712
ENSG00000138036	48.0053398306148	-21.0026699153074	3	56.0053398306148
ENSG00000138035	50.7441843541334	-22.3720921770667	3	58.7441843541334
ENSG00000138030	23.1844166222892	-8.5922083111446	3	31.1844166222892
ENSG00000138780	49.1709852725108	-21.5854926362554	3	57.1709852725108
ENSG00000128713	5.75266911398236	0.123665443008819	3	13.7526691139824
ENSG00000128710	6.06381363345166	-0.03190681672583	3	14.0638136334517
ENSG00000188878	28.2938663757043	-11.1469331878522	3	36.2938663757043
ENSG00000166479	50.0046617080325	-22.0023308540162	3	58.0046617080325
ENSG00000061455	14.7093113142515	-4.35465565712576	3	22.7093113142515
ENSG00000166477	29.9655518106313	-11.9827759053157	3	37.9655518106313
ENSG00000166471	49.149490394118	-21.574745197059	3	57.149490394118
ENSG00000139921	52.3911467020697	-23.1955733510348	3	60.3911467020697
ENSG00000157600	40.1325804058463	-17.0662902029232	3	48.1325804058463
ENSG00000157350	57.3381425281943	-25.6690712640971	3	65.3381425281943
ENSG00000157353	28.4309774786607	-11.2154887393304	3	36.4309774786607
ENSG00000122420	52.870104176919	-23.4350520884595	3	60.870104176919
ENSG00000173626	16.7847409332282	-5.39237046661413	3	24.7847409332282
ENSG00000154803	39.3777422946645	-16.6888711473322	3	47.3777422946645
ENSG00000196821	59.7927089700804	-26.8963544850402	3	67.7927089700804
ENSG00000000457	34.9482871129865	-14.4741435564932	3	42.9482871129865
ENSG00000164304	26.9406298268454	-10.4703149134227	3	34.9406298268454
ENSG00000164305	49.2323224947445	-21.6161612473722	3	57.2323224947445
ENSG00000164306	34.759507799001	-14.3797538995005	3	42.759507799001
ENSG00000137563	90.9311987963515	-42.4655993981758	3	98.9311987963515
ENSG00000164300	39.0588689423427	-16.5294344711713	3	47.0588689423427
ENSG00000164303	9.41967685782696	-1.70983842891348	3	17.419676857827
ENSG00000172936	43.3244791329083	-18.6622395664542	3	51.3244791329083
ENSG00000184949	17.7279326599296	-5.86396632996481	3	25.7279326599296
ENSG00000182150	44.2163329273094	-19.1081664636547	3	52.2163329273094
ENSG00000130699	30.5410630604034	-12.2705315302017	3	38.5410630604034
ENSG00000104381	27.4643006377709	-10.7321503188855	3	35.4643006377709
ENSG00000159184	24.2129031561548	-9.1064515780774	3	32.2129031561548
ENSG00000104388	69.6395664556962	-31.8197832278481	3	77.6395664556962
ENSG00000159189	73.8663737732495	-33.9331868866248	3	81.8663737732495
ENSG00000130695	30.1535685231533	-12.0767842615766	3	38.1535685231533
ENSG00000126746	40.8601887446631	-17.4300943723315	3	48.8601887446631
ENSG00000126215	35.448696090969	-14.7243480454845	3	43.448696090969
ENSG00000126216	36.2332596922744	-15.1166298461372	3	44.2332596922744
ENSG00000148541	46.0407058907841	-20.0203529453921	3	54.0407058907841
ENSG00000121289	26.3072837234617	-10.1536418617309	3	34.3072837234617
ENSG00000126218	26.4524744318593	-10.2262372159296	3	34.4524744318593
ENSG00000126749	46.4047131100219	-20.2023565550109	3	54.4047131100219
ENSG00000174576	11.4221311685238	-2.71106558426191	3	19.4221311685238
ENSG00000196177	81.6473373255559	-37.8236686627779	3	89.6473373255559
ENSG00000170633	45.1338693964178	-19.5669346982089	3	53.1338693964178
ENSG00000121775	20.5178494435781	-7.25892472178906	3	28.5178494435781
ENSG00000170634	80.1351079226089	-37.0675539613045	3	88.1351079226089
ENSG00000058453	24.7555807076418	-9.3777903538209	3	32.7555807076418
ENSG00000181396	33.1160824791833	-13.5580412395917	3	41.1160824791833
ENSG00000174579	41.8046158126449	-17.9023079063225	3	49.8046158126449
ENSG00000182628	54.2866295154893	-24.1433147577446	3	62.2866295154893
ENSG00000206559	25.4137102295531	-9.70685511477656	3	33.4137102295531
ENSG00000116750	58.1280524326061	-26.064026216303	3	66.1280524326061
ENSG00000206557	-8.54088925243645	7.27044462621822	3	-0.540889252436447
ENSG00000124216	12.967890119833	-3.4839450599165	3	20.967890119833
ENSG00000161179	14.2414647306553	-4.12073236532767	3	22.2414647306553
ENSG00000184108	28.8403353544222	-11.4201676772111	3	36.8403353544222
ENSG00000128563	57.5175373934601	-25.75876869673	3	65.5175373934601
ENSG00000185561	36.7410116438181	-15.370505821909	3	44.7410116438181
ENSG00000053438	89.2676628191217	-41.6338314095608	3	97.2676628191217
ENSG00000185565	44.3157824364731	-19.1578912182365	3	52.3157824364731
ENSG00000175376	62.3456559620744	-28.1728279810372	3	70.3456559620744
ENSG00000130038	13.6076947398368	-3.80384736991842	3	21.6076947398368
ENSG00000166407	37.9583109027197	-15.9791554513598	3	45.9583109027197
ENSG00000075975	47.0179612582787	-20.5089806291394	3	55.0179612582787
ENSG00000239264	63.9583400411155	-28.9791700205577	3	71.9583400411155
ENSG00000151725	37.513167284618	-15.756583642309	3	45.513167284618
ENSG00000188800	7.95820671831428	-0.979103359157142	3	15.9582067183143
ENSG00000140464	41.6028528017741	-17.8014264008871	3	49.6028528017741
ENSG00000140463	44.4175734467372	-19.2087867233686	3	52.4175734467372
ENSG00000145491	21.2789705432373	-7.63948527161864	3	29.2789705432373
ENSG00000145495	64.2028078632997	-29.1014039316499	3	72.2028078632997
ENSG00000106524	51.5370268965099	-22.768513448255	3	59.5370268965099
ENSG00000155868	58.1082090971428	-26.0541045485714	3	66.1082090971428
ENSG00000121350	47.0323734692135	-20.5161867346067	3	55.0323734692135
ENSG00000121351	-1.72198876262849	3.86099438131424	3	6.27801123737151
ENSG00000180917	26.4247127331362	-10.2123563665681	3	34.4247127331362
ENSG00000180914	46.4836931147745	-20.2418465573872	3	54.4836931147745
ENSG00000180440	46.8871962714356	-20.4435981357178	3	54.8871962714356
ENSG00000166603	-24.5480439254747	15.2740219627374	3	-16.5480439254747
ENSG00000131126	-3.03677182297944	4.51838591148972	3	4.96322817702056
ENSG00000174405	28.5222059396428	-11.2611029698214	3	36.5222059396428
ENSG00000169359	37.5732059121785	-15.7866029560892	3	45.5732059121785
ENSG00000163053	34.8734568314012	-14.4367284157006	3	42.8734568314012
ENSG00000198353	21.9321916395014	-7.96609581975068	3	29.9321916395014
ENSG00000013583	60.9607547483377	-27.4803773741689	3	68.9607547483377
ENSG00000198356	55.0095534081937	-24.5047767040969	3	63.0095534081937
ENSG00000013588	35.3087162558301	-14.6543581279151	3	43.3087162558301
ENSG00000111701	44.3967076605702	-19.1983538302851	3	52.3967076605702
ENSG00000147099	44.2608503866633	-19.1304251933316	3	52.2608503866633
ENSG00000111707	54.3855231448516	-24.1927615724258	3	62.3855231448516
ENSG00000180708	-57.2984536335388	31.6492268167694	3	-49.2984536335388
ENSG00000150783	6.46147086011961	-0.230735430059805	3	14.4614708601196
ENSG00000171222	65.8299848907387	-29.9149924453694	3	73.8299848907387
ENSG00000169682	41.4848635855138	-17.7424317927569	3	49.4848635855138
ENSG00000022840	64.0461454610237	-29.0230727305119	3	72.0461454610237
ENSG00000171224	70.9521399571927	-32.4760699785963	3	78.9521399571927
ENSG00000111203	30.7893641082411	-12.3946820541206	3	38.7893641082411
ENSG00000088888	32.4754118897709	-13.2377059448855	3	40.4754118897709
ENSG00000174574	57.9561873696834	-25.9780936848417	3	65.9561873696834
ENSG00000102007	77.6414302329057	-35.8207151164529	3	85.6414302329057
ENSG00000213918	18.0012129869569	-6.00060649347843	3	26.0012129869569
ENSG00000123297	54.0921115275757	-24.0460557637878	3	62.0921115275757
ENSG00000103710	40.9958287666758	-17.4979143833379	3	48.9958287666758
ENSG00000016402	12.2229374253279	-3.11146871266396	3	20.2229374253279
ENSG00000118503	40.2590000103728	-17.1295000051864	3	48.2590000103728
ENSG00000132554	44.4910852332288	-19.2455426166144	3	52.4910852332288
ENSG00000118507	47.788585692915	-20.8942928464575	3	55.788585692915
ENSG00000146147	20.1821489584811	-7.09107447924053	3	28.1821489584811
ENSG00000146143	25.1153219171595	-9.55766095857975	3	33.1153219171595
ENSG00000204977	45.4413784655387	-19.7206892327693	3	53.4413784655387
ENSG00000184371	46.1444422058692	-20.0722211029346	3	54.1444422058692
ENSG00000132478	37.6560717439967	-15.8280358719983	3	45.6560717439967
ENSG00000184378	13.0299992378277	-3.51499961891385	3	21.0299992378277
ENSG00000214941	53.0332258847744	-23.5166129423872	3	61.0332258847744
ENSG00000148985	41.5746374797089	-17.7873187398545	3	49.5746374797089
ENSG00000105711	48.2630968537408	-21.1315484268704	3	56.2630968537408
ENSG00000133789	48.2785556693354	-21.1392778346677	3	56.2785556693354
ENSG00000128965	19.6434701425119	-6.82173507125594	3	27.6434701425119
ENSG00000142507	63.0424851502992	-28.5212425751496	3	71.0424851502992
ENSG00000166261	15.4908821048111	-4.74544105240557	3	23.4908821048111
ENSG00000166260	46.9650770449384	-20.4825385224692	3	54.9650770449384
ENSG00000166263	21.139613063047	-7.56980653152351	3	29.139613063047
ENSG00000166262	33.0195374842025	-13.5097687421012	3	41.0195374842025
ENSG00000012232	46.1305019523214	-20.0652509761607	3	54.1305019523214
ENSG00000178826	30.884781658837	-12.4423908294185	3	38.884781658837
ENSG00000131876	56.9480491395443	-25.4740245697721	3	64.9480491395443
ENSG00000152409	37.671250064502	-15.835625032251	3	45.671250064502
ENSG00000152404	44.7766373429088	-19.3883186714544	3	52.7766373429088
ENSG00000158457	48.7498877398685	-21.3749438699343	3	56.7498877398685
ENSG00000149582	19.1350408539368	-6.56752042696838	3	27.1350408539368
ENSG00000132781	25.5678244771701	-9.78391223858505	3	33.5678244771701
ENSG00000132780	52.0086877429018	-23.0043438714509	3	60.0086877429018
ENSG00000204979	0.586549316505256	2.70672534174737	3	8.58654931650526
ENSG00000181472	26.9802470060082	-10.4901235030041	3	34.9802470060082
ENSG00000168228	24.9855599754946	-9.49277998774729	3	32.9855599754946
ENSG00000163235	47.8189212672179	-20.909460633609	3	55.8189212672179
ENSG00000163946	36.7372064397745	-15.3686032198872	3	44.7372064397745
ENSG00000163945	51.7590382117575	-22.8795191058787	3	59.7590382117575
ENSG00000168556	33.477812156026	-13.738906078013	3	41.477812156026
ENSG00000066279	8.60818059150909	-1.30409029575455	3	16.6081805915091
ENSG00000116096	48.766522553189	-21.3832612765945	3	56.766522553189
ENSG00000187135	64.267879178651	-29.1339395893255	3	72.267879178651
ENSG00000172728	37.7112068878999	-15.8556034439499	3	45.7112068878999
ENSG00000166046	58.7073555086487	-26.3536777543243	3	66.7073555086487
ENSG00000162542	31.709621676105	-12.8548108380525	3	39.709621676105
ENSG00000162543	8.79882212086057	-1.39941106043029	3	16.7988221208606
ENSG00000049883	36.0475327143053	-15.0237663571527	3	44.0475327143053
ENSG00000182263	66.8800092704794	-30.4400046352397	3	74.8800092704794
ENSG00000015171	54.897342326192	-24.448671163096	3	62.897342326192
ENSG00000141499	26.9254533871451	-10.4627266935725	3	34.9254533871451
ENSG00000141497	7.53843399086349	-0.769216995431747	3	15.5384339908635
ENSG00000133250	36.0464957419739	-15.023247870987	3	44.0464957419739
ENSG00000258223	-0.229931912131509	3.11496595606575	3	7.77006808786849
ENSG00000160310	54.8939980106067	-24.4469990053034	3	62.8939980106067
ENSG00000258227	53.6105967568316	-23.8052983784158	3	61.6105967568316
ENSG00000074266	42.4514664921599	-18.2257332460799	3	50.4514664921599
ENSG00000136574	-11.5999923070913	8.79999615354567	3	-3.59999230709134
ENSG00000184434	26.1617191982608	-10.0808595991304	3	34.1617191982608
ENSG00000108298	111.355583721435	-52.6777918607174	3	119.355583721435
ENSG00000154781	45.061562930325	-19.5307814651625	3	53.061562930325
ENSG00000182327	21.2804198504305	-7.64020992521527	3	29.2804198504305
ENSG00000165792	40.5224359274525	-17.2612179637263	3	48.5224359274525
ENSG00000165794	-2.35070653108532	4.17535326554266	3	5.64929346891468
ENSG00000165795	77.1623880634939	-35.5811940317469	3	85.1623880634939
ENSG00000154122	47.808234534038	-20.904117267019	3	55.808234534038
ENSG00000158113	12.927547687679	-3.46377384383948	3	20.927547687679
ENSG00000154124	50.3800331261375	-22.1900165630687	3	58.3800331261375
ENSG00000137959	56.5388985604355	-25.2694492802178	3	64.5388985604355
ENSG00000137776	67.4274920735635	-30.7137460367818	3	75.4274920735635
ENSG00000137770	56.2133866202386	-25.1066933101193	3	64.2133866202386
ENSG00000137955	56.2210189618658	-25.1105094809329	3	64.2210189618658
ENSG00000163710	73.7861450325917	-33.8930725162959	3	81.7861450325917
ENSG00000148187	39.496435098483	-16.7482175492415	3	47.496435098483
ENSG00000130204	37.872117955823	-15.9360589779115	3	45.872117955823
ENSG00000130202	36.5377238204684	-15.2688619102342	3	44.5377238204684
ENSG00000011275	36.7407147543348	-15.3703573771674	3	44.7407147543348
ENSG00000157837	31.9223366946975	-12.9611683473487	3	39.9223366946974
ENSG00000165244	32.5127790918478	-13.2563895459239	3	40.5127790918478
ENSG00000165533	32.2955846198724	-13.1477923099362	3	40.2955846198724
ENSG00000010278	83.8093418311332	-38.9046709155666	3	91.8093418311332
ENSG00000010270	42.6471352948621	-18.3235676474311	3	50.6471352948621
ENSG00000112137	30.7998407920463	-12.3999203960232	3	38.7998407920463
ENSG00000112130	31.2538376457575	-12.6269188228787	3	39.2538376457575
ENSG00000113558	80.9694027570644	-37.4847013785322	3	88.9694027570644
ENSG00000161544	80.9391190734565	-37.4695595367282	3	88.9391190734565
ENSG00000161958	17.4256021303972	-5.7128010651986	3	25.4256021303972
ENSG00000141560	43.8676284949295	-18.9338142474647	3	51.8676284949295
ENSG00000119812	47.2614203817905	-20.6307101908953	3	55.2614203817905
ENSG00000171475	32.3321439245214	-13.1660719622607	3	40.3321439245214
ENSG00000213676	45.3040069116517	-19.6520034558259	3	53.3040069116517
ENSG00000183723	25.5697132557447	-9.78485662787234	3	33.5697132557447
ENSG00000183722	66.8366597376922	-30.4183298688461	3	74.8366597376922
ENSG00000213672	32.0274969330704	-13.0137484665352	3	40.0274969330704
ENSG00000019186	26.598735443312	-10.299367721656	3	34.598735443312
ENSG00000183729	-28.1056392641032	17.0528196320516	3	-20.1056392641032
ENSG00000159579	40.3428880251674	-17.1714440125837	3	48.3428880251674
ENSG00000100099	43.0914558570527	-18.5457279285263	3	51.0914558570527
ENSG00000161405	25.8021901172704	-9.90109505863522	3	33.8021901172704
ENSG00000100092	21.8283643215257	-7.91418216076285	3	29.8283643215257
ENSG00000103275	72.7537109966555	-33.3768554983277	3	80.7537109966555
ENSG00000103274	41.5280648744473	-17.7640324372237	3	49.5280648744473
ENSG00000117410	63.7142911264812	-28.8571455632406	3	71.7142911264812
ENSG00000117411	40.9441588685657	-17.4720794342829	3	48.9441588685657
ENSG00000117419	47.3554785882734	-20.6777392941367	3	55.3554785882734
ENSG00000152242	40.7299859171516	-17.3649929585758	3	48.7299859171516
ENSG00000196588	41.2219969263136	-17.6109984631568	3	49.2219969263136
ENSG00000196586	44.530627602365	-19.2653138011825	3	52.530627602365
ENSG00000196584	34.1278356057001	-14.06391780285	3	42.1278356057001
ENSG00000121380	37.1104734101414	-15.5552367050707	3	45.1104734101414
ENSG00000164118	30.4165099994186	-12.2082549997093	3	38.4165099994186
ENSG00000119457	8.46914356436157	-1.23457178218079	3	16.4691435643616
ENSG00000104723	43.0358531796847	-18.5179265898424	3	51.0358531796847
ENSG00000146926	15.9077722262701	-4.95388611313506	3	23.9077722262701
ENSG00000164111	82.7243206520575	-38.3621603260287	3	90.7243206520575
ENSG00000164113	-4.70241561826151	5.35120780913075	3	3.29758438173849
ENSG00000144802	53.8160922263929	-23.9080461131964	3	61.8160922263929
ENSG00000178385	45.5013120605937	-19.7506560302968	3	53.5013120605937
ENSG00000164114	33.2961220708269	-13.6480610354135	3	41.2961220708269
ENSG00000164117	49.1102387324246	-21.5551193662123	3	57.1102387324246
ENSG00000171867	66.5248273707133	-30.2624136853567	3	74.5248273707133
ENSG00000171865	51.8727191218242	-22.9363595609121	3	59.8727191218242
ENSG00000171864	26.1011988180293	-10.0505994090146	3	34.1011988180293
ENSG00000171863	114.601320584336	-54.3006602921681	3	122.601320584336
ENSG00000159792	36.7190655873648	-15.3595327936824	3	44.7190655873648
ENSG00000171861	37.7226259868812	-15.8613129934406	3	45.7226259868812
ENSG00000120160	25.1238399557506	-9.56191997787531	3	33.1238399557506
ENSG00000120162	50.8166186786787	-22.4083093393394	3	58.8166186786787
ENSG00000041880	41.4988828318717	-17.7494414159359	3	49.4988828318717
ENSG00000151577	-0.211095101917729	3.10554755095886	3	7.78890489808227
ENSG00000151576	42.996996486479	-18.4984982432395	3	50.996996486479
ENSG00000151575	46.7050032944264	-20.3525016472132	3	54.7050032944264
ENSG00000107021	46.5554057373695	-20.2777028686847	3	54.5554057373695
ENSG00000140694	50.3583576175682	-22.1791788087841	3	58.3583576175682
ENSG00000140691	17.7777696179303	-5.88888480896513	3	25.7777696179303
ENSG00000069702	63.2225431161774	-28.6112715580887	3	71.2225431161774
ENSG00000174989	51.1111704862799	-22.5555852431399	3	59.1111704862799
ENSG00000134326	52.1314083040102	-23.0657041520051	3	60.1314083040102
ENSG00000143257	9.60170310571133	-1.80085155285566	3	17.6017031057113
ENSG00000143256	65.2304737672307	-29.6152368836153	3	73.2304737672307
ENSG00000134323	11.7581535967917	-2.87907679839584	3	19.7581535967917
ENSG00000134453	60.3453491221151	-27.1726745610575	3	68.3453491221151
ENSG00000143252	68.0899332225475	-31.0449666112738	3	76.0899332225475
ENSG00000143258	32.8132507239573	-13.4066253619787	3	40.8132507239573
ENSG00000124802	29.8887113855538	-11.9443556927769	3	37.8887113855538
ENSG00000161896	17.8358498036769	-5.91792490183845	3	25.8358498036769
ENSG00000176853	43.5889147768056	-18.7944573884028	3	51.5889147768056
ENSG00000160058	56.7425242909061	-25.3712621454531	3	64.7425242909061
ENSG00000160055	53.9063186452495	-23.9531593226247	3	61.9063186452495
ENSG00000215045	-12.992170366756	9.49608518337799	3	-4.99217036675599
ENSG00000160051	31.8832521879884	-12.9416260939942	3	39.8832521879884
ENSG00000215041	20.611188425345	-7.30559421267251	3	28.611188425345
ENSG00000042286	76.6480686156638	-35.3240343078319	3	84.6480686156638
ENSG00000072415	27.624902305209	-10.8124511526045	3	35.624902305209
ENSG00000065183	51.0789123100065	-22.5394561550033	3	59.0789123100065
ENSG00000167491	43.6670180197414	-18.8335090098707	3	51.6670180197414
ENSG00000007237	64.3362072041472	-29.1681036020736	3	72.3362072041472
ENSG00000197980	29.4879947409454	-11.7439973704727	3	37.4879947409454
ENSG00000175581	49.8981913779748	-21.9490956889874	3	57.8981913779748
ENSG00000175582	69.9370056724282	-31.9685028362141	3	77.9370056724282
ENSG00000108848	65.9901140243021	-29.9950570121511	3	73.9901140243021
ENSG00000036530	16.1409443347748	-5.07047216738738	3	24.1409443347748
ENSG00000106991	43.1122112498512	-18.5561056249256	3	51.1122112498512
ENSG00000177455	20.1652741151731	-7.08263705758655	3	28.1652741151731
ENSG00000106993	58.2179163309818	-26.1089581654909	3	66.2179163309818
ENSG00000106992	75.1496210268461	-34.5748105134231	3	83.1496210268461
ENSG00000177453	12.4383249648767	-3.21916248243835	3	20.4383249648767
ENSG00000165304	15.1431711211592	-4.57158556057959	3	23.1431711211592
ENSG00000120837	45.302636190425	-19.6513180952125	3	53.302636190425
ENSG00000105948	18.0423881984879	-6.02119409924396	3	26.0423881984879
ENSG00000120832	40.7338393400418	-17.3669196700209	3	48.7338393400418
ENSG00000135324	28.9120595607451	-11.4560297803725	3	36.9120595607451
ENSG00000142694	90.0507485491362	-42.0253742745681	3	98.0507485491362
ENSG00000147403	104.489669842015	-49.2448349210077	3	112.489669842015
ENSG00000131669	56.0233488664025	-25.0116744332012	3	64.0233488664025
ENSG00000131668	3.26368485634065	1.36815757182967	3	11.2636848563407
ENSG00000142698	-8.79659268442908	7.39829634221454	3	-0.796592684429076
ENSG00000132646	56.0975605154609	-25.0487802577304	3	64.0975605154609
ENSG00000149115	53.9814420720436	-23.9907210360218	3	61.9814420720436
ENSG00000221977	-23.5802125548583	14.7901062774292	3	-15.5802125548583
ENSG00000136367	0.033840622437693	2.98307968878115	3	8.03384062243769
ENSG00000132313	53.6439489845843	-23.8219744922922	3	61.6439489845843
ENSG00000184584	35.2912140568522	-14.6456070284261	3	43.2912140568522
ENSG00000221978	63.6287261938919	-28.8143630969459	3	71.6287261938919
ENSG00000177674	58.5055778877079	-26.2527889438539	3	66.5055778877079
ENSG00000055813	38.2075740597995	-16.1037870298998	3	46.2075740597995
ENSG00000177679	-12.033272200048	9.01663610002402	3	-4.03327220004803
ENSG00000183128	10.1106872733436	-2.05534363667179	3	18.1106872733436
ENSG00000180116	45.2776489563313	-19.6388244781656	3	53.2776489563313
ENSG00000180113	-3.24899720414083	4.62449860207042	3	4.75100279585917
ENSG00000111046	38.082424731862	-16.041212365931	3	46.082424731862
ENSG00000111049	-33.8721757538831	19.9360878769416	3	-25.8721757538831
ENSG00000172005	60.0895287658257	-27.0447643829128	3	68.0895287658257
ENSG00000176953	30.7872113528885	-12.3936056764442	3	38.7872113528885
ENSG00000100056	32.6229541858311	-13.3114770929156	3	40.6229541858311
ENSG00000188277	26.2826715931651	-10.1413357965825	3	34.2826715931651
ENSG00000198805	74.1378487451461	-34.068924372573	3	82.1378487451461
ENSG00000135148	48.5515109577754	-21.2757554788877	3	56.5515109577754
ENSG00000118193	-2.4347063452794	4.2173531726397	3	5.5652936547206
ENSG00000114670	24.0887035613969	-9.04435178069844	3	32.0887035613969
ENSG00000118197	39.9022456012733	-16.9511228006367	3	47.9022456012733
ENSG00000115816	48.4977243666362	-21.2488621833181	3	56.4977243666362
ENSG00000169964	46.587412114773	-20.2937060573865	3	54.587412114773
ENSG00000071994	46.2502136440532	-20.1251068220266	3	54.2502136440532
ENSG00000048545	17.9469620256719	-5.97348101283596	3	25.9469620256719
ENSG00000048544	69.1125050587981	-31.5562525293991	3	77.1125050587981
ENSG00000214575	37.0599169070954	-15.5299584535477	3	45.0599169070954
ENSG00000042980	28.7120766653249	-11.3560383326625	3	36.7120766653249
ENSG00000187583	9.34767534131693	-1.67383767065846	3	17.3476753413169
ENSG00000005189	29.0549133645944	-11.5274566822972	3	37.0549133645944
ENSG00000162975	-24.4760187352093	15.2380093676047	3	-16.4760187352093
ENSG00000162976	61.259836142497	-27.6299180712485	3	69.259836142497
ENSG00000040275	31.0715269664168	-12.5357634832084	3	39.0715269664168
ENSG00000159202	45.8108957875223	-19.9054478937611	3	53.8108957875223
ENSG00000114491	33.7103948304795	-13.8551974152397	3	41.7103948304795
ENSG00000108592	45.3641720617775	-19.6820860308888	3	53.3641720617775
ENSG00000027847	42.0377694073533	-18.0188847036767	3	50.0377694073533
ENSG00000108590	66.9683925098599	-30.4841962549299	3	74.9683925098599
ENSG00000090863	60.8015552476587	-27.4007776238294	3	68.8015552476587
ENSG00000137090	-24.7161921377591	15.3580960688796	3	-16.7161921377591
ENSG00000137094	22.6876748276197	-8.34383741380984	3	30.6876748276197
ENSG00000177535	-24.3150977273338	15.1575488636669	3	-16.3150977273338
ENSG00000137098	33.0186030979029	-13.5093015489515	3	41.0186030979029
ENSG00000138018	42.5751069983463	-18.2875534991732	3	50.5751069983463
ENSG00000166455	3.48344327835636	1.25827836082182	3	11.4834432783564
ENSG00000166452	45.1844016687895	-19.5922008343947	3	53.1844016687895
ENSG00000166451	18.2054864605437	-6.10274323027184	3	26.2054864605437
ENSG00000188859	36.4210756582843	-15.2105378291422	3	44.4210756582843
ENSG00000157330	-2.72455821314911	4.36227910657456	3	5.27544178685089
ENSG00000157625	30.1187701795206	-12.0593850897603	3	38.1187701795206
ENSG00000186452	12.3635691916659	-3.18178459583297	3	20.3635691916659
ENSG00000136147	55.9689749481647	-24.9844874740823	3	63.9689749481647
ENSG00000136146	51.5714580231319	-22.785729011566	3	59.5714580231319
ENSG00000136141	41.3483710318889	-17.6741855159444	3	49.3483710318889
ENSG00000136143	67.7853760431754	-30.8926880215877	3	75.7853760431754
ENSG00000153832	14.2298492436536	-4.11492462182681	3	22.2298492436536
ENSG00000138279	69.1459532039711	-31.5729766019855	3	77.1459532039711
ENSG00000174371	13.2292327384483	-3.61461636922415	3	21.2292327384483
ENSG00000164329	60.626598420059	-27.3132992100295	3	68.626598420059
ENSG00000164326	-4.01504808239028	5.00752404119514	3	3.98495191760972
ENSG00000184967	21.1600388703559	-7.58001943517793	3	29.1600388703559
ENSG00000164325	14.2813401477488	-4.14067007387438	3	22.2813401477488
ENSG00000138271	9.44036567525664	-1.72018283762832	3	17.4403656752566
ENSG00000164323	53.0455136968144	-23.5227568484072	3	61.0455136968144
ENSG00000227345	37.5133270042909	-15.7566635021455	3	45.5133270042909
ENSG00000100462	28.5345377931369	-11.2672688965684	3	36.5345377931369
ENSG00000155660	61.9612588034838	-27.9806294017419	3	69.9612588034838
ENSG00000155666	34.2468039072881	-14.1234019536441	3	42.2468039072881
ENSG00000112096	90.5531173404549	-42.2765586702275	3	98.5531173404549
ENSG00000186188	67.5188863683205	-30.7594431841603	3	75.5188863683205
ENSG00000182747	-12.7933950200273	9.39669751001365	3	-4.79339502002729
ENSG00000186187	43.6906806471298	-18.8453403235649	3	51.6906806471298
ENSG00000186185	-3.38521469834975	4.69260734917487	3	4.61478530165025
ENSG00000161914	21.7678953142115	-7.88394765710574	3	29.7678953142115
ENSG00000113946	-24.1270086750674	15.0635043375337	3	-16.1270086750674
ENSG00000204228	58.5276768995771	-26.2638384497886	3	66.5276768995771
ENSG00000186675	19.6946520090451	-6.84732600452255	3	27.6946520090451
ENSG00000085117	52.7757162753473	-23.3878581376737	3	60.7757162753473
ENSG00000203877	34.7118078884523	-14.3559039442262	3	42.7118078884523
ENSG00000174514	32.2045075704657	-13.1022537852328	3	40.2045075704657
ENSG00000110944	45.6165138614955	-19.8082569307478	3	53.6165138614955
ENSG00000196116	51.8832505775907	-22.9416252887954	3	59.8832505775907
ENSG00000203705	37.767668751865	-15.8838343759325	3	45.767668751865
ENSG00000196118	17.613792595542	-5.806896297771	3	25.613792595542
ENSG00000100908	70.8279927771292	-32.4139963885646	3	78.8279927771292
ENSG00000116731	39.1252734689985	-16.5626367344993	3	47.1252734689985
ENSG00000150261	-18.1228436690549	12.0614218345275	3	-10.1228436690549
ENSG00000088448	55.2301220177523	-24.6150610088761	3	63.2301220177523
ENSG00000139266	7.62064797605983	-0.810323988029916	3	15.6206479760598
ENSG00000146374	44.9450978136287	-19.4725489068144	3	52.9450978136287
ENSG00000126778	52.9369681168898	-23.4684840584449	3	60.9369681168898
ENSG00000073598	-7.8917844939746	6.9458922469873	3	0.108215506025404
ENSG00000061337	33.8448195045071	-13.9224097522535	3	41.8448195045071
ENSG00000100288	45.0450253939171	-19.5225126969585	3	53.0450253939171
ENSG00000155087	-17.6929774336797	11.8464887168398	3	-9.69297743367967
ENSG00000100281	26.4742275274676	-10.2371137637338	3	34.4742275274676
ENSG00000104901	24.9646607327286	-9.48233036636429	3	32.9646607327286
ENSG00000175352	36.1513292679636	-15.0756646339818	3	44.1513292679636
ENSG00000175354	54.268480647399	-24.1342403236995	3	62.268480647399
ENSG00000104907	26.9686184712462	-10.4843092356231	3	34.9686184712462
ENSG00000137700	18.612810206951	-6.30640510347551	3	26.612810206951
ENSG00000139055	30.3396716609935	-12.1698358304968	3	38.3396716609935
ENSG00000151748	41.0879574907503	-17.5439787453751	3	49.0879574907503
ENSG00000037474	44.5619936077945	-19.2809968038973	3	52.5619936077945
ENSG00000174796	44.8619521305064	-19.4309760652532	3	52.8619521305064
ENSG00000185219	41.0401257060661	-17.520062853033	3	49.0401257060661
ENSG00000185215	51.9282173856322	-22.9641086928161	3	59.9282173856322
ENSG00000151743	45.0375567334872	-19.5187783667436	3	53.0375567334872
ENSG00000125458	62.6411476373783	-28.3205738186891	3	70.6411476373783
ENSG00000170876	72.8272490473823	-33.4136245236912	3	80.8272490473823
ENSG00000129128	78.967031467793	-36.4835157338965	3	86.967031467793
ENSG00000170871	36.3735415758318	-15.1867707879159	3	44.3735415758318
ENSG00000125454	43.0692720684381	-18.534636034219	3	51.0692720684381
ENSG00000155886	19.1458686322487	-6.57293431612436	3	27.1458686322487
ENSG00000123901	13.6174240432619	-3.80871202163094	3	21.6174240432619
ENSG00000175137	45.0884991841214	-19.5442495920607	3	53.0884991841214
ENSG00000175130	52.2431863633039	-23.121593181652	3	60.2431863633039
ENSG00000111540	77.6915574122401	-35.84577870612	3	85.6915574122401
ENSG00000136122	21.3838102826638	-7.69190514133188	3	29.3838102826638
ENSG00000087266	41.2507422942648	-17.6253711471324	3	49.2507422942648
ENSG00000087263	45.7652321264662	-19.8826160632331	3	53.7652321264662
ENSG00000117069	-1.22378388825782	3.61189194412891	3	6.77621611174218
