genename	AIC	lnL	k	AICC
ENSG00000087269	42.1843205550452	-18.0921602775226	3	50.1843205550452
ENSG00000113761	28.3660756234671	-11.1830378117335	3	36.3660756234671
ENSG00000169379	44.6932448769202	-19.3466224384601	3	52.6932448769202
ENSG00000140992	49.6884043357618	-21.8442021678809	3	57.6884043357618
ENSG00000064115	46.7631775110571	-20.3815887555285	3	54.7631775110571
ENSG00000169372	51.5883441409933	-22.7941720704966	3	59.5883441409933
ENSG00000185379	29.9172637630417	-11.9586318815209	3	37.9172637630417
ENSG00000140995	53.5728269808318	-23.7864134904159	3	61.5728269808318
ENSG00000169371	39.9466570280627	-16.9733285140313	3	47.9466570280627
ENSG00000160207	46.4697036139466	-20.2348518069733	3	54.4697036139466
ENSG00000198948	56.7421121042293	-25.3710560521147	3	64.7421121042293
ENSG00000160208	31.1974363153785	-12.5987181576893	3	39.1974363153785
ENSG00000110497	30.2555821947951	-12.1277910973975	3	38.2555821947951
ENSG00000183918	33.7622016938008	-13.8811008469004	3	41.7622016938008
ENSG00000009830	32.7128223804389	-13.3564111902194	3	40.7128223804389
ENSG00000124496	20.1666654169429	-7.08333270847145	3	28.1666654169429
ENSG00000124490	-12.613074480886	9.306537240443	3	-4.61307448088599
ENSG00000111726	59.894372364756	-26.947186182378	3	67.894372364756
ENSG00000111725	37.296554395404	-15.648277197702	3	45.296554395404
ENSG00000075336	52.3831446817101	-23.1915723408551	3	60.3831446817101
ENSG00000103485	24.6603874319419	-9.33019371597097	3	32.6603874319419
ENSG00000016391	32.8657035861836	-13.4328517930918	3	40.8657035861836
ENSG00000107902	39.4320550390094	-16.7160275195047	3	47.4320550390094
ENSG00000123728	34.858925277381	-14.4294626386905	3	42.858925277381
ENSG00000169155	35.8838066446919	-14.9419033223459	3	43.8838066446919
ENSG00000213337	51.9533750019804	-22.9766875009902	3	59.9533750019804
ENSG00000106052	74.6965859535008	-34.3482929767504	3	82.6965859535008
ENSG00000156219	59.4579546276952	-26.7289773138476	3	67.4579546276952
ENSG00000213339	35.020377533345	-14.5101887666725	3	43.020377533345
ENSG00000109674	-0.997332335478061	3.49866616773903	3	7.00266766452194
ENSG00000105556	25.9290015073807	-9.96450075369036	3	33.9290015073807
ENSG00000105550	-3.90429968893851	4.95214984446926	3	4.09570031106149
ENSG00000109670	53.2121410185496	-23.6060705092748	3	61.2121410185496
ENSG00000105880	8.64418044757039	-1.3220902237852	3	16.6441804475704
ENSG00000169957	28.5927351301758	-11.2963675650879	3	36.5927351301758
ENSG00000109851	0.75055174738139	2.6247241263093	3	8.75055174738139
ENSG00000092969	47.8786404472265	-20.9393202236132	3	55.8786404472265
ENSG00000109854	65.7980857059089	-29.8990428529544	3	73.7980857059089
ENSG00000150907	62.0499369211932	-28.0249684605966	3	70.0499369211932
ENSG00000118564	65.2741484156079	-29.6370742078039	3	73.2741484156079
ENSG00000110237	34.5446365729896	-14.2723182864948	3	42.5446365729896
ENSG00000102287	50.9719980151108	-22.4859990075554	3	58.9719980151108
ENSG00000138867	70.4428943472153	-32.2214471736076	3	78.4428943472153
ENSG00000167005	73.223457037898	-33.611728518949	3	81.223457037898
ENSG00000143751	35.7510893087577	-14.8755446543788	3	43.7510893087577
ENSG00000134153	62.5278172157415	-28.2639086078708	3	70.5278172157415
ENSG00000105771	23.3760579475963	-8.68802897379813	3	31.3760579475963
ENSG00000241258	61.845615243912	-27.922807621956	3	69.845615243912
ENSG00000105778	37.4838561546012	-15.7419280773006	3	45.4838561546012
ENSG00000166200	64.3036124286394	-29.1518062143197	3	72.3036124286394
ENSG00000157107	46.960201079806	-20.480100539903	3	54.960201079806
ENSG00000163785	61.3902089042675	-27.6951044521338	3	69.3902089042676
ENSG00000163781	70.513594048234	-32.256797024117	3	78.513594048234
ENSG00000084693	27.165693059797	-10.5828465298985	3	35.165693059797
ENSG00000167264	37.9796000878433	-15.9898000439216	3	45.9796000878433
ENSG00000188133	8.00264435293284	-1.00132217646642	3	16.0026443529328
ENSG00000108106	53.934365315752	-23.967182657876	3	61.934365315752
ENSG00000186866	54.3671135255446	-24.1835567627723	3	62.3671135255446
ENSG00000108100	59.2405165096065	-26.6202582548033	3	67.2405165096065
ENSG00000186862	1.51981406546266	2.24009296726867	3	9.51981406546266
ENSG00000186868	21.0244418263588	-7.51222091317939	3	29.0244418263588
ENSG00000204033	-50.6825191054824	28.3412595527412	3	-42.6825191054824
ENSG00000015153	44.277944221158	-19.138972110579	3	52.277944221158
ENSG00000162441	67.9814979613767	-30.9907489806884	3	75.9814979613767
ENSG00000102981	21.3018659060364	-7.65093295301822	3	29.3018659060364
ENSG00000047249	44.5433498144976	-19.2716749072488	3	52.5433498144976
ENSG00000139737	9.58908614119761	-1.79454307059881	3	17.5890861411976
ENSG00000214960	36.1828545089404	-15.0914272544702	3	44.1828545089404
ENSG00000105085	41.7775657729488	-17.8887828864744	3	49.7775657729488
ENSG00000051108	59.2083948165934	-26.6041974082967	3	67.2083948165934
ENSG00000005302	53.6759869282673	-23.8379934641336	3	61.6759869282673
ENSG00000113302	3.41708284845767	1.29145857577117	3	11.4170828484577
ENSG00000074201	56.9979140506631	-25.4989570253316	3	64.9979140506631
ENSG00000102984	37.7706663135479	-15.8853331567739	3	45.7706663135479
ENSG00000274211	16.641463264711	-5.3207316323555	3	24.641463264711
ENSG00000073969	37.3583812312153	-15.6791906156076	3	45.3583812312153
ENSG00000185880	35.6279466348371	-14.8139733174186	3	43.6279466348371
ENSG00000063241	56.4022699245371	-25.2011349622685	3	64.4022699245371
ENSG00000145103	33.0359712793865	-13.5179856396933	3	41.0359712793865
ENSG00000101255	41.6029396424399	-17.80146982122	3	49.6029396424399
ENSG00000145107	25.1662940909369	-9.58314704546844	3	33.1662940909369
ENSG00000119383	79.2160494131073	-36.6080247065537	3	87.2160494131073
ENSG00000167914	33.1785999627176	-13.5892999813588	3	41.1785999627176
ENSG00000167910	22.153803767647	-8.07690188382351	3	30.153803767647
ENSG00000153339	45.0371248652529	-19.5185624326265	3	53.0371248652529
ENSG00000179299	-5.06621331008386	5.53310665504193	3	2.93378668991614
ENSG00000172215	22.0704314449061	-8.03521572245305	3	30.0704314449061
ENSG00000164002	36.7725795726535	-15.3862897863268	3	44.7725795726535
ENSG00000187446	70.4855134859721	-32.2427567429861	3	78.4855134859721
ENSG00000172216	82.3910823902311	-38.1955411951155	3	90.3910823902311
ENSG00000127914	54.8821113511503	-24.4410556755752	3	62.8821113511503
ENSG00000249751	68.7212652761264	-31.3606326380632	3	76.7212652761264
ENSG00000126391	37.683744984384	-15.841872492192	3	45.683744984384
ENSG00000173166	54.2954575650699	-24.147728782535	3	62.2954575650699
ENSG00000173163	51.1877784575771	-22.5938892287886	3	59.1877784575771
ENSG00000165516	48.3111161776722	-21.1555580888361	3	56.3111161776722
ENSG00000125844	48.6662124670858	-21.3331062335429	3	56.6662124670858
ENSG00000125845	24.681080365859	-9.34054018292948	3	32.681080365859
ENSG00000125841	23.4945921441188	-8.74729607205941	3	31.4945921441188
ENSG00000121542	40.8798040473059	-17.439902023653	3	48.8798040473059
ENSG00000214216	36.7235628480908	-15.3617814240454	3	44.7235628480908
ENSG00000214212	12.3156712193132	-3.15783560965659	3	20.3156712193132
ENSG00000112159	39.9250242075418	-16.9625121037709	3	47.9250242075418
ENSG00000112406	48.6124307340458	-21.3062153670229	3	56.6124307340458
ENSG00000116128	19.592992646108	-6.79649632305402	3	27.592992646108
ENSG00000117650	7.27982220425986	-0.63991110212993	3	15.2798222042599
ENSG00000113578	58.6543761073276	-26.3271880536638	3	66.6543761073276
ENSG00000006652	56.904532955763	-25.4522664778815	3	64.904532955763
ENSG00000140057	21.715258499838	-7.85762924991898	3	29.715258499838
ENSG00000090470	24.7227190769259	-9.36135953846293	3	32.7227190769259
ENSG00000089123	36.2184358529707	-15.1092179264854	3	44.2184358529707
ENSG00000158793	49.3643073157037	-21.6821536578518	3	57.3643073157037
ENSG00000148704	-1.47877483955543	3.73938741977772	3	6.52122516044457
ENSG00000148702	-8.71493753505872	7.35746876752936	3	-0.714937535058716
ENSG00000213658	33.840368770267	-13.9201843851335	3	41.840368770267
ENSG00000108679	60.0473483675039	-27.0236741837519	3	68.0473483675039
ENSG00000115649	49.9411484110555	-21.9705742055278	3	57.9411484110555
ENSG00000104756	58.6509501464734	-26.3254750732367	3	66.6509501464734
ENSG00000130224	41.7513080460642	-17.8756540230321	3	49.7513080460642
ENSG00000130222	60.2923300057203	-27.1461650028601	3	68.2923300057203
ENSG00000100079	21.2887807424703	-7.64439037123513	3	29.2887807424703
ENSG00000117472	15.8694106797384	-4.93470533986922	3	23.8694106797384
ENSG00000117475	48.2938033827845	-21.1469016913923	3	56.2938033827845
ENSG00000103257	11.6333362290655	-2.81666811453277	3	19.6333362290655
ENSG00000117477	29.2516230289622	-11.6258115144811	3	37.2516230289622
ENSG00000152266	-8.05941866114687	7.02970933057344	3	-0.0594186611468714
ENSG00000183396	12.6145354799492	-3.30726773997461	3	20.6145354799492
ENSG00000117906	59.3691415365276	-26.6845707682638	3	67.3691415365276
ENSG00000198967	-26.4403816998012	16.2201908499006	3	-18.4403816998012
ENSG00000198964	50.4341586505149	-22.2170793252575	3	58.4341586505149
ENSG00000198961	55.5669874034864	-24.7834937017432	3	63.5669874034864
ENSG00000198612	62.6185536501291	-28.3092768250646	3	70.6185536501291
ENSG00000150687	71.7728779502005	-32.8864389751002	3	79.7728779502005
ENSG00000150681	50.3630880777026	-22.1815440388513	3	58.3630880777026
ENSG00000171843	43.1884607966376	-18.5942303983188	3	51.1884607966376
ENSG00000197430	9.86500422139117	-1.93250211069559	3	17.8650042213912
ENSG00000175832	12.0458560482206	-3.02292802411028	3	20.0458560482206
ENSG00000197345	78.0987198996083	-36.0493599498041	3	86.0987198996083
ENSG00000120149	10.1468353786211	-2.07341768931057	3	18.1468353786211
ENSG00000061794	55.0667838730441	-24.533391936522	3	63.0667838730441
ENSG00000152193	43.0428781955622	-18.5214390977811	3	51.0428781955622
ENSG00000160695	40.7625687701613	-17.3812843850806	3	48.7625687701613
ENSG00000170464	40.1254680523879	-17.0627340261939	3	48.1254680523879
ENSG00000170468	22.8063098372916	-8.40315491864578	3	30.8063098372916
ENSG00000170469	50.8693705521288	-22.4346852760644	3	58.8693705521288
ENSG00000128191	29.7596746495179	-11.8798373247589	3	37.7596746495179
ENSG00000143502	14.9754934719448	-4.48774673597241	3	22.9754934719448
ENSG00000144224	72.2494634210892	-33.1247317105446	3	80.2494634210892
ENSG00000144227	15.9726847120703	-4.98634235603517	3	23.9726847120703
ENSG00000134308	83.092289110794	-38.546144555397	3	91.092289110794
ENSG00000124827	25.8441204505591	-9.92206022527957	3	33.8441204505591
ENSG00000171596	-6.10012698800544	6.05006349400272	3	1.89987301199456
ENSG00000171595	9.26621852744454	-1.63310926372227	3	17.2662185274445
ENSG00000078177	40.9536409449538	-17.4768204724769	3	48.9536409449538
ENSG00000064300	53.0478112916317	-23.5239056458159	3	61.0478112916317
ENSG00000215021	80.2963896179003	-37.1481948089501	3	88.2963896179003
ENSG00000064309	61.0438496087267	-27.5219248043633	3	69.0438496087267
ENSG00000204852	38.187844546371	-16.0939222731855	3	46.187844546371
ENSG00000204856	46.340826000026	-20.170413000013	3	54.340826000026
ENSG00000178719	58.9715430074179	-26.485771503709	3	66.9715430074179
ENSG00000075785	70.1494335046065	-32.0747167523033	3	78.1494335046065
ENSG00000103035	56.3202120860763	-25.1601060430381	3	64.3202120860763
ENSG00000151552	57.9191987600907	-25.9595993800454	3	65.9191987600907
ENSG00000102349	32.9995919812154	-13.4997959906077	3	40.9995919812154
ENSG00000177479	53.7592084614854	-23.8796042307427	3	61.7592084614854
ENSG00000156026	37.0891260479763	-15.5445630239881	3	45.0891260479763
ENSG00000124535	47.7122525753387	-20.8561262876694	3	55.7122525753387
ENSG00000124532	59.1060863737063	-26.5530431868532	3	67.1060863737063
ENSG00000184867	42.2256510711135	-18.1128255355567	3	50.2256510711135
ENSG00000105967	39.4017050713688	-16.7008525356844	3	47.4017050713688
ENSG00000205981	82.9531068821536	-38.4765534410768	3	90.9531068821536
ENSG00000179104	27.7837854050668	-10.8918927025334	3	35.7837854050668
ENSG00000087095	28.1043561642848	-11.0521780821424	3	36.1043561642848
ENSG00000142102	30.8175402143029	-12.4087701071514	3	38.8175402143029
ENSG00000105968	85.5595641650636	-39.7797820825318	3	93.5595641650636
ENSG00000009954	46.4273030959101	-20.2136515479551	3	54.4273030959101
ENSG00000176871	40.2369837139074	-17.1184918569537	3	48.2369837139074
ENSG00000132623	37.8476286068631	-15.9238143034315	3	45.8476286068631
ENSG00000129480	45.5081856157572	-19.7540928078786	3	53.5081856157572
ENSG00000129484	34.1197886043337	-14.0598943021668	3	42.1197886043337
ENSG00000145375	60.73403687717	-27.367018438585	3	68.73403687717
ENSG00000084207	80.1173141147014	-37.0586570573507	3	88.1173141147014
ENSG00000179041	33.6364196926525	-13.8182098463262	3	41.6364196926525
ENSG00000172020	27.3035230098304	-10.6517615049152	3	35.3035230098304
ENSG00000213719	76.8635097338354	-35.4317548669177	3	84.8635097338354
ENSG00000205678	26.3141080237722	-10.1570540118861	3	34.3141080237722
ENSG00000114127	48.8939764139794	-21.4469882069897	3	56.8939764139794
ENSG00000114654	17.9291647038972	-5.96458235194862	3	25.9291647038972
ENSG00000108829	55.6600396097162	-24.8300198048581	3	63.6600396097162
ENSG00000108828	77.6111756065148	-35.8055878032574	3	85.6111756065148
ENSG00000114650	31.6968413895043	-12.8484206947521	3	39.6968413895043
ENSG00000114120	63.3985148129587	-28.6992574064793	3	71.3985148129587
ENSG00000108823	72.8318411328685	-33.4159205664343	3	80.8318411328685
ENSG00000108826	74.7412955228373	-34.3706477614187	3	82.7412955228373
ENSG00000115524	72.6105538162877	-33.3052769081439	3	80.6105538162877
ENSG00000115525	36.1893922068765	-15.0946961034383	3	44.1893922068765
ENSG00000115526	45.9196167657019	-19.9598083828509	3	53.9196167657019
ENSG00000115295	55.5053068985282	-24.7526534492641	3	63.5053068985282
ENSG00000115520	65.6378679888826	-29.8189339944413	3	73.6378679888826
ENSG00000259431	34.4485337277548	-14.2242668638774	3	42.4485337277548
ENSG00000028277	14.9610279148111	-4.48051395740555	3	22.9610279148111
ENSG00000115839	51.2522519185521	-22.6261259592761	3	59.2522519185521
ENSG00000163576	2.48336221693905	1.75831889153048	3	10.483362216939
ENSG00000259384	17.548879134141	-5.77443956707049	3	25.548879134141
ENSG00000214513	6.89391630145317	-0.446958150726584	3	14.8939163014532
ENSG00000105341	42.0932287827751	-18.0466143913875	3	50.0932287827751
ENSG00000038002	53.2960683643357	-23.6480341821679	3	61.2960683643357
ENSG00000109445	47.0764049421287	-20.5382024710643	3	55.0764049421287
ENSG00000134815	22.9344781648261	-8.46723908241304	3	30.9344781648261
ENSG00000162994	31.0568658082131	-12.5284329041065	3	39.0568658082131
ENSG00000176302	-12.0967366051333	9.04836830256664	3	-4.09673660513327
ENSG00000162999	47.5709571821553	-20.7854785910777	3	55.5709571821553
ENSG00000162998	66.0993967474279	-30.049698373714	3	74.0993967474279
ENSG00000149136	53.3457369375391	-23.6728684687695	3	61.3457369375391
ENSG00000176087	33.7922821377762	-13.8961410688881	3	41.7922821377762
ENSG00000132330	44.3974738483669	-19.1987369241835	3	52.3974738483669
ENSG00000149131	79.8619848994455	-36.9309924497227	3	87.8619848994455
ENSG00000138079	22.5122322703395	-8.25611613516977	3	30.5122322703395
ENSG00000138078	39.5032667626985	-16.7516333813493	3	47.5032667626985
ENSG00000158545	36.3102571800359	-15.155128590018	3	44.3102571800359
ENSG00000138073	39.2999896889484	-16.6499948444742	3	47.2999896889484
ENSG00000138071	59.165827196388	-26.582913598194	3	67.165827196388
ENSG00000138075	13.6882806046943	-3.84414030234716	3	21.6882806046943
ENSG00000138074	53.2659982757741	-23.632999137887	3	61.2659982757741
ENSG00000172680	-6.63315075515917	6.31657537757958	3	1.36684924484083
ENSG00000162191	68.2541174752376	-31.1270587376188	3	76.2541174752376
ENSG00000172689	-14.9001557207869	10.4500778603935	3	-6.90015572078695
ENSG00000005844	26.5200111904748	-10.2600055952374	3	34.5200111904748
ENSG00000166432	36.7869821586077	-15.3934910793038	3	44.7869821586077
ENSG00000188833	23.8178709718174	-8.90893548590869	3	31.8178709718174
ENSG00000166435	37.8953103823934	-15.9476551911967	3	45.8953103823934
ENSG00000166436	33.1912142707938	-13.5956071353969	3	41.1912142707938
ENSG00000186479	31.5348319226068	-12.7674159613034	3	39.5348319226068
ENSG00000157315	34.1239723563587	-14.0619861781793	3	42.1239723563587
ENSG00000166439	32.644485669809	-13.3222428349045	3	40.644485669809
ENSG00000184988	28.7082649640151	-11.3541324820076	3	36.7082649640151
ENSG00000173372	69.2455091867007	-31.6227545933504	3	77.2455091867007
ENSG00000173376	18.4953177352579	-6.24765886762894	3	26.4953177352579
ENSG00000121481	63.1075240390111	-28.5537620195056	3	71.1075240390111
ENSG00000242259	83.5813107419325	-38.7906553709662	3	91.5813107419325
ENSG00000196284	34.9501141206833	-14.4750570603417	3	42.9501141206833
ENSG00000121486	51.0761765852279	-22.5380882926139	3	59.0761765852279
ENSG00000164342	39.2085129238438	-16.6042564619219	3	47.2085129238438
ENSG00000137218	14.9380912478932	-4.4690456239466	3	22.9380912478932
ENSG00000164347	41.7435928548139	-17.8717964274069	3	49.7435928548139
ENSG00000100445	34.1512426879393	-14.0756213439696	3	42.1512426879393
ENSG00000182768	64.4523251414212	-29.2261625707106	3	72.4523251414212
ENSG00000100441	43.1639485452795	-18.5819742726397	3	51.1639485452795
ENSG00000100442	65.4519459831197	-29.7259729915599	3	73.4519459831197
ENSG00000074695	54.1904256541054	-24.0952128270527	3	62.1904256541054
ENSG00000074696	47.6244701081666	-20.8122350540833	3	55.6244701081666
ENSG00000162222	47.4217173334947	-20.7108586667474	3	55.4217173334947
ENSG00000162227	31.2042809159208	-12.6021404579604	3	39.2042809159208
ENSG00000049167	42.7095803174513	-18.3547901587257	3	50.7095803174513
ENSG00000173083	39.8040117083086	-16.9020058541543	3	47.8040117083086
ENSG00000108312	41.951442770436	-17.975721385218	3	49.951442770436
ENSG00000173085	49.3046602421417	-21.6523301210708	3	57.3046602421417
ENSG00000126705	31.6567022953843	-12.8283511476922	3	39.6567022953843
ENSG00000067955	68.5129315825781	-31.256465791289	3	76.5129315825781
ENSG00000119446	58.7597399439378	-26.3798699719689	3	66.7597399439378
ENSG00000081320	59.3161507522429	-26.6580753761215	3	67.3161507522429
ENSG00000112218	33.829188081539	-13.9145940407695	3	41.829188081539
ENSG00000116711	39.5740141262432	-16.7870070631216	3	47.5740141262432
ENSG00000116717	77.0385817339292	-35.5192908669646	3	85.0385817339292
ENSG00000112210	53.4761211137695	-23.7380605568848	3	61.4761211137695
ENSG00000165169	87.3697112982536	-40.6848556491268	3	95.3697112982536
ENSG00000173889	51.1721347238712	-22.5860673619356	3	59.1721347238712
ENSG00000121152	40.8870114805616	-17.4435057402808	3	48.8870114805616
ENSG00000153814	47.5951889146338	-20.7975944573169	3	55.5951889146338
ENSG00000153815	36.1306411953011	-15.0653205976505	3	44.1306411953011
ENSG00000100911	61.0841611237131	-27.5420805618565	3	69.0841611237131
ENSG00000175224	40.9755032461192	-17.4877516230596	3	48.9755032461192
ENSG00000081148	18.6520055930125	-6.32600279650626	3	26.6520055930125
ENSG00000150540	71.0223226890575	-32.5111613445288	3	79.0223226890575
ENSG00000197081	47.3190619813689	-20.6595309906844	3	55.3190619813689
ENSG00000120280	18.8620076875781	-6.43100384378905	3	26.8620076875781
ENSG00000183463	-7.87318541926182	6.93659270963091	3	0.126814580738184
ENSG00000175334	98.8438782042755	-46.4219391021377	3	106.843878204275
ENSG00000126878	76.9272808670118	-35.4636404335059	3	84.9272808670118
ENSG00000183248	-11.1117239713621	8.55586198568104	3	-3.11172397136207
ENSG00000104522	43.5339152579242	-18.7669576289621	3	51.5339152579242
ENSG00000126870	40.2045110152117	-17.1022555076059	3	48.2045110152117
ENSG00000159723	6.52261953474451	-0.261309767372254	3	14.5226195347445
ENSG00000185238	44.4024678897024	-19.2012339448512	3	52.4024678897024
ENSG00000103932	29.9660077462163	-11.9830038731081	3	37.9660077462163
ENSG00000185231	50.3241402099765	-22.1620701049883	3	58.3241402099765
ENSG00000145901	58.402573425798	-26.201286712899	3	66.402573425798
ENSG00000129103	52.8724668942389	-23.4362334471194	3	60.8724668942389
ENSG00000110921	29.703813474438	-11.851906737219	3	37.703813474438
ENSG00000120875	48.9108473700851	-21.4554236850426	3	56.9108473700851
ENSG00000170854	44.0248110165315	-19.0124055082657	3	52.0248110165315
ENSG00000183688	59.5611270509342	-26.7805635254671	3	67.5611270509342
ENSG00000197885	59.4738064565685	-26.7369032282843	3	67.4738064565685
ENSG00000124701	73.034966168913	-33.5174830844565	3	81.034966168913
ENSG00000124702	53.1897975619155	-23.5948987809577	3	61.1897975619155
ENSG00000175482	66.3000312567373	-30.1500156283686	3	74.3000312567373
ENSG00000175229	0.19404576776075	2.90297711611962	3	8.19404576776075
ENSG00000197889	17.5358189474177	-5.76790947370884	3	25.5358189474177
ENSG00000180481	9.98344935710154	-1.99172467855077	3	17.9834493571015
ENSG00000113749	50.3719822884723	-22.1859911442361	3	58.3719822884723
ENSG00000180957	64.4902585500939	-29.2451292750469	3	72.4902585500939
ENSG00000180488	41.1159177907158	-17.5579588953579	3	49.1159177907158
ENSG00000110200	60.0566478272786	-27.0283239136393	3	68.0566478272786
ENSG00000169313	36.769798269965	-15.3848991349825	3	44.769798269965
ENSG00000072849	57.6796443750697	-25.8398221875349	3	65.6796443750697
ENSG00000183977	13.8957563683118	-3.94787818415588	3	21.8957563683118
ENSG00000095970	35.1771829680599	-14.58859148403	3	43.1771829680599
ENSG00000072840	47.612760157952	-20.806380078976	3	55.612760157952
ENSG00000147443	23.5015055168439	-8.75075275842195	3	31.5015055168439
ENSG00000082146	49.4211976376844	-21.7105988188422	3	57.4211976376844
ENSG00000075643	51.2243867231396	-22.6121933615698	3	59.2243867231396
ENSG00000144057	14.3931340475426	-4.19656702377131	3	22.3931340475426
ENSG00000141076	38.529575360138	-16.264787680069	3	46.529575360138
ENSG00000253710	47.1641525014959	-20.5820762507479	3	55.1641525014959
ENSG00000083896	57.2377721015928	-25.6188860507964	3	65.2377721015928
ENSG00000156858	30.3012751668322	-12.1506375834161	3	38.3012751668322
ENSG00000156232	26.1189609836788	-10.0594804918394	3	34.1189609836788
ENSG00000156234	58.0800600928955	-26.0400300464477	3	66.0800600928955
ENSG00000156239	41.9777957914386	-17.9888978957193	3	49.9777957914386
ENSG00000163006	22.9993982544651	-8.49969912723255	3	30.9993982544651
ENSG00000143190	35.3589047150152	-14.6794523575076	3	43.3589047150152
ENSG00000143196	101.646590510222	-47.8232952551111	3	109.646590510222
ENSG00000134825	96.601686442963	-45.3008432214815	3	104.601686442963
ENSG00000143194	32.3902287611202	-13.1951143805601	3	40.3902287611202
ENSG00000143195	35.1885540398437	-14.5942770199219	3	43.1885540398437
ENSG00000123395	55.6618088609652	-24.8309044304826	3	63.6618088609652
ENSG00000150967	29.3767990909124	-11.6883995454562	3	37.3767990909124
ENSG00000176463	34.6735357800432	-14.3367678900216	3	42.6735357800432
ENSG00000112877	6.50494220531839	-0.252471102659194	3	14.5049422053184
ENSG00000172340	58.9728479956632	-26.4864239978316	3	66.9728479956632
ENSG00000149635	15.0649897593956	-4.53249487969779	3	23.0649897593956
ENSG00000110218	26.4795029746051	-10.2397514873025	3	34.4795029746051
ENSG00000149636	35.9898012356799	-14.99490061784	3	43.9898012356799
ENSG00000052126	48.8053916321438	-21.4026958160719	3	56.8053916321438
ENSG00000149633	33.1232691674516	-13.5616345837258	3	41.1232691674516
ENSG00000132432	115.524187511555	-54.7620937557776	3	123.524187511555
ENSG00000204444	31.715190135656	-12.857595067828	3	39.715190135656
ENSG00000083099	67.6810316565446	-30.8405158282723	3	75.6810316565446
ENSG00000150281	58.0408000306113	-26.0204000153056	3	66.0408000306113
ENSG00000069275	67.4990338164148	-30.7495169082074	3	75.4990338164148
ENSG00000143774	70.7387028107148	-32.3693514053574	3	78.7387028107148
ENSG00000143772	43.055456156285	-18.5277280781425	3	51.055456156285
ENSG00000163013	-5.39468211464592	5.69734105732296	3	2.60531788535408
ENSG00000143771	63.9620487675197	-28.9810243837598	3	71.9620487675197
ENSG00000065559	46.4704419472143	-20.2352209736071	3	54.4704419472143
ENSG00000167065	41.4772794128346	-17.7386397064173	3	49.4772794128346
ENSG00000166225	41.3292298856958	-17.6646149428479	3	49.3292298856958
ENSG00000166224	40.6858199148062	-17.3429099574031	3	48.6858199148062
ENSG00000166226	72.1790548603463	-33.0895274301731	3	80.1790548603463
ENSG00000162761	24.2898006820696	-9.1449003410348	3	32.2898006820696
ENSG00000166233	52.6371312764927	-23.3185656382463	3	60.6371312764927
ENSG00000166881	16.7418647529458	-5.37093237647291	3	24.7418647529458
ENSG00000185825	87.3243308970973	-40.6621654485486	3	95.3243308970973
ENSG00000147679	43.1681601055788	-18.5840800527894	3	51.1681601055788
ENSG00000166228	78.7012798757095	-36.3506399378548	3	86.7012798757095
ENSG00000166887	46.744876330971	-20.3724381654855	3	54.744876330971
ENSG00000188338	28.2926356867302	-11.1463178433651	3	36.2926356867302
ENSG00000123179	43.9346991458343	-18.9673495729171	3	51.9346991458343
ENSG00000148835	19.939255922962	-6.96962796148102	3	27.939255922962
ENSG00000083544	49.5726321843552	-21.7863160921776	3	57.5726321843552
ENSG00000188493	21.0935751519607	-7.54678757598033	3	29.0935751519607
ENSG00000196684	15.4423603842648	-4.72118019213241	3	23.4423603842648
ENSG00000184481	50.4944238309356	-22.2472119154678	3	58.4944238309356
ENSG00000178502	33.6309957164327	-13.8154978582164	3	41.6309957164327
ENSG00000135222	126.355145848546	-60.1775729242729	3	134.355145848546
ENSG00000184489	44.7010910129121	-19.350545506456	3	52.7010910129121
ENSG00000168263	13.8691989192111	-3.93459945960553	3	21.8691989192111
ENSG00000167286	18.8434042718862	-6.4217021359431	3	26.8434042718862
ENSG00000163900	26.6669847785192	-10.3334923892596	3	34.6669847785192
ENSG00000167280	31.4693081755284	-12.7346540877642	3	39.4693081755284
ENSG00000118961	49.0346275391304	-21.5173137695652	3	57.0346275391304
ENSG00000163904	50.1633935884566	-22.0816967942283	3	58.1633935884566
ENSG00000168269	37.4767748509675	-15.7383874254838	3	45.4767748509675
ENSG00000265203	-47.6334393537657	26.8167196768828	3	-39.6334393537657
ENSG00000145358	58.2153896728806	-26.1076948364403	3	66.2153896728806
ENSG00000166086	52.4356884974448	-23.2178442487224	3	60.4356884974448
ENSG00000167543	42.4597239621425	-18.2298619810713	3	50.4597239621425
ENSG00000188158	29.6437403656245	-11.8218701828122	3	37.6437403656245
ENSG00000265808	70.9886092336748	-32.4943046168374	3	78.9886092336748
ENSG00000149090	46.7803608937832	-20.3901804468916	3	54.7803608937832
ENSG00000102401	65.6235981663123	-29.8117990831561	3	73.6235981663123
ENSG00000145293	47.5675384880067	-20.7837692440033	3	55.5675384880067
ENSG00000115194	26.3220950304274	-10.1610475152137	3	34.3220950304274
ENSG00000119636	26.5410002814699	-10.270500140735	3	34.5410002814699
ENSG00000119630	43.3640674667937	-18.6820337333969	3	51.3640674667937
ENSG00000186283	53.3760589026845	-23.6880294513423	3	61.3760589026845
ENSG00000119638	79.2507388969883	-36.6253694484941	3	87.2507388969883
ENSG00000139719	47.553905541878	-20.776952770939	3	55.553905541878
ENSG00000139718	29.1995530825455	-11.5997765412727	3	37.1995530825455
ENSG00000141452	42.7342358460741	-18.3671179230371	3	50.7342358460741
ENSG00000133740	40.4085892795953	-17.2042946397977	3	48.4085892795953
ENSG00000141456	28.9513804187035	-11.4756902093517	3	36.9513804187035
ENSG00000139714	2.26080507243289	1.86959746378355	3	10.2608050724329
ENSG00000005981	9.25763567525255	-1.62881783762627	3	17.2576356752526
ENSG00000157782	16.3208712051735	-5.16043560258674	3	24.3208712051735
ENSG00000165757	49.6195802200562	-21.8097901100281	3	57.6195802200562
ENSG00000115998	25.372503190019	-9.68625159500951	3	33.372503190019
ENSG00000136536	52.7182962410903	-23.3591481205452	3	60.7182962410903
ENSG00000035403	56.8454023751342	-25.4227011875671	3	64.8454023751342
ENSG00000158156	27.8859642189919	-10.9429821094959	3	35.8859642189919
ENSG00000101276	-0.249015818564137	3.12450790928207	3	7.75098418143586
ENSG00000154479	23.2457027292012	-8.62285136460059	3	31.2457027292012
ENSG00000154478	5.14231469783483	0.428842651082586	3	13.1423146978348
ENSG00000183378	-21.296832691914	13.648416345957	3	-13.296832691914
ENSG00000183379	-3.47318886849778	4.73659443424889	3	4.52681113150222
ENSG00000180304	63.5265288048949	-28.7632644024474	3	71.5265288048949
ENSG00000165887	30.2422413486702	-12.1211206743351	3	38.2422413486702
ENSG00000179902	69.0426763420402	-31.5213381710201	3	77.0426763420402
ENSG00000173145	33.7397224985869	-13.8698612492934	3	41.7397224985869
ENSG00000063046	83.140529404302	-38.570264702151	3	91.140529404302
ENSG00000173418	65.1860426571814	-29.5930213285907	3	73.1860426571814
ENSG00000165280	66.912398607412	-30.456199303706	3	74.912398607412
ENSG00000101188	19.3661906984656	-6.68309534923281	3	27.3661906984656
ENSG00000125868	83.0527336742715	-38.5263668371357	3	91.0527336742715
ENSG00000125869	-13.3421460445678	9.6710730222839	3	-5.34214604456779
ENSG00000154783	43.6282465264532	-18.8141232632266	3	51.6282465264532
ENSG00000101181	36.2065430411454	-15.1032715205727	3	44.2065430411454
ENSG00000101180	7.80133995510076	-0.900669977550379	3	15.8013399551008
ENSG00000125863	45.4284545894483	-19.7142272947241	3	53.4284545894483
ENSG00000070761	42.2262249551305	-18.1131124775652	3	50.2262249551305
ENSG00000183765	25.4386136476345	-9.71930682381723	3	33.4386136476345
ENSG00000101981	16.5033005743568	-5.25165028717839	3	24.5033005743568
ENSG00000183760	0.0454480782160749	2.97727596089196	3	8.04544807821608
ENSG00000183763	13.6409051566355	-3.82045257831775	3	21.6409051566355
ENSG00000183762	33.6467960662716	-13.8233980331358	3	41.6467960662716
ENSG00000164684	35.5842411887161	-14.792120594358	3	43.5842411887161
ENSG00000164483	23.4150674954174	-8.70753374770871	3	31.4150674954174
ENSG00000081791	45.6919048861457	-19.8459524430728	3	53.6919048861457
ENSG00000144659	37.0802943586067	-15.5401471793034	3	45.0802943586067
ENSG00000164485	34.4649317079776	-14.2324658539888	3	42.4649317079776
ENSG00000164484	17.7906473638988	-5.8953236819494	3	25.7906473638988
ENSG00000155256	43.135101574379	-18.5675507871895	3	51.135101574379
ENSG00000144655	44.215368370814	-19.107684185407	3	52.215368370814
ENSG00000198807	-21.519956795021	13.7599783975105	3	-13.519956795021
ENSG00000250298	35.54728050306	-14.77364025153	3	43.54728050306
ENSG00000100053	-15.435388576379	10.7176942881895	3	-7.43538857637897
ENSG00000100580	39.6603860840648	-16.8301930420324	3	47.6603860840648
ENSG00000159200	52.0580396681714	-23.0290198340857	3	60.0580396681714
ENSG00000100583	16.4188620864455	-5.20943104322274	3	24.4188620864455
ENSG00000159208	38.551035053133	-16.2755175265665	3	46.551035053133
ENSG00000130244	33.9981629390892	-13.9990814695446	3	41.9981629390892
ENSG00000170190	30.5630899684856	-12.2815449842428	3	38.5630899684856
ENSG00000170191	26.8588663454002	-10.4294331727001	3	34.8588663454002
ENSG00000164627	17.7835901006718	-5.89179505033592	3	25.7835901006718
ENSG00000164626	25.0105755475769	-9.50528777378843	3	33.0105755475769
ENSG00000164151	35.5682579494763	-14.7841289747381	3	43.5682579494763
ENSG00000164620	23.8104826149075	-8.90524130745376	3	31.8104826149075
ENSG00000155438	46.3392239777969	-20.1696119888984	3	54.3392239777969
ENSG00000100632	85.5811546375864	-39.7905773187932	3	93.5811546375864
ENSG00000197417	25.5434908313086	-9.77174541565431	3	33.5434908313086
ENSG00000197415	20.8472889851744	-7.42364449258718	3	28.8472889851744
ENSG00000171824	45.2200266824965	-19.6100133412482	3	53.2200266824965
ENSG00000161057	63.2370663965182	-28.6185331982591	3	71.2370663965182
ENSG00000088766	62.1627284855829	-28.0813642427914	3	70.1627284855829
ENSG00000170448	30.1966528944748	-12.0983264472374	3	38.1966528944749
ENSG00000064547	17.6584747504427	-5.82923737522135	3	25.6584747504427
ENSG00000110025	36.8847311938004	-15.4423655969002	3	44.8847311938004
ENSG00000178694	23.9959017172082	-8.9979508586041	3	31.9959017172082
ENSG00000011243	38.5820255532442	-16.2910127766221	3	46.5820255532442
ENSG00000178691	42.8306846138475	-18.4153423069237	3	50.8306846138475
ENSG00000086300	56.6244730841415	-25.3122365420707	3	64.6244730841415
ENSG00000134363	45.3788327878836	-19.6894163939418	3	53.3788327878836
ENSG00000023734	61.5929906326345	-27.7964953163172	3	69.5929906326345
ENSG00000139154	59.7213486426844	-26.8606743213422	3	67.7213486426844
ENSG00000256660	12.6377408868712	-3.31887044343559	3	20.6377408868712
ENSG00000117450	88.0382189215611	-41.0191094607806	3	96.0382189215611
ENSG00000107201	74.0558742125494	-34.0279371062747	3	82.0558742125494
ENSG00000160013	19.7232503470229	-6.86162517351145	3	27.7232503470229
ENSG00000083937	56.6250050308153	-25.3125025154076	3	64.6250050308153
ENSG00000102181	52.9126334810035	-23.4563167405018	3	60.9126334810035
ENSG00000214530	47.0945284325588	-20.5472642162794	3	55.0945284325588
ENSG00000155926	47.1050217275025	-20.5525108637513	3	55.1050217275025
ENSG00000219073	3.48723815608215	1.25638092195893	3	11.4872381560821
ENSG00000092531	78.8316375768131	-36.4158187884066	3	86.8316375768131
ENSG00000180543	34.9120137022046	-14.4560068511023	3	42.9120137022046
ENSG00000151208	30.4667809087072	-12.2333904543536	3	38.4667809087072
ENSG00000099282	50.9702495228207	-22.4851247614103	3	58.9702495228207
ENSG00000099284	41.311382172612	-17.655691086306	3	49.311382172612
ENSG00000144868	-3.15129014110795	4.57564507055397	3	4.84870985889205
ENSG00000106331	-19.3304350723623	12.6652175361812	3	-11.3304350723623
ENSG00000106330	47.0742291560871	-20.5371145780436	3	55.0742291560871
ENSG00000129933	33.2140547306961	-13.607027365348	3	41.2140547306961
ENSG00000177414	-5.43749099997358	5.71874549998679	3	2.56250900002642
ENSG00000198231	55.5141004024137	-24.7570502012068	3	63.5141004024137
ENSG00000106336	3.1209578604433	1.43952106977835	3	11.1209578604433
ENSG00000171311	53.3042555049691	-23.6521277524846	3	61.3042555049691
ENSG00000171310	24.6974310051727	-9.34871550258637	3	32.6974310051727
ENSG00000111880	40.4349473867632	-17.2174736933816	3	48.4349473867632
ENSG00000082556	17.4034722186023	-5.70173610930113	3	25.4034722186023
ENSG00000135362	55.0733684546099	-24.5366842273049	3	63.0733684546099
ENSG00000135363	61.4260185272347	-27.7130092636173	3	69.4260185272347
ENSG00000135365	47.1300473180461	-20.5650236590231	3	55.1300473180461
ENSG00000176890	41.2327657512958	-17.6163828756479	3	49.2327657512958
ENSG00000169057	44.4340898834009	-19.2170449417004	3	52.4340898834009
ENSG00000169504	71.0906983668483	-32.5453491834242	3	79.0906983668483
ENSG00000169507	11.1712387644951	-2.58561938224755	3	19.1712387644951
ENSG00000168679	18.4078888735721	-6.20394443678605	3	26.4078888735721
ENSG00000145354	60.2564393435021	-27.128219671751	3	68.2564393435021
ENSG00000178997	24.6334231615346	-9.31671158076729	3	32.6334231615346
ENSG00000178999	44.719802661971	-19.3599013309855	3	52.719802661971
ENSG00000168676	7.69332967114697	-0.846664835573485	3	15.693329671147
ENSG00000183160	39.4556550147708	-16.7278275073854	3	47.4556550147708
ENSG00000189143	49.5396748711101	-21.7698374355551	3	57.5396748711101
ENSG00000183166	-16.6005107023617	11.3002553511808	3	-8.60051070236167
ENSG00000168672	36.5054677738842	-15.2527338869421	3	44.5054677738842
ENSG00000214753	59.7480252705417	-26.8740126352708	3	67.7480252705417
ENSG00000205659	60.1546966195239	-27.0773483097619	3	68.1546966195239
ENSG00000179021	52.2728903383504	-23.1364451691752	3	60.2728903383504
ENSG00000118156	-24.6270974359827	15.3135487179913	3	-16.6270974359827
ENSG00000176095	45.6666629349914	-19.8333314674957	3	53.6666629349914
ENSG00000091844	34.1925881422172	-14.0962940711086	3	42.1925881422172
ENSG00000177238	21.5735450757472	-7.78677253787362	3	29.5735450757472
ENSG00000118482	48.7494966273602	-21.3747483136801	3	56.7494966273602
ENSG00000112309	-10.5024118043488	8.25120590217442	3	-2.50241180434884
ENSG00000160999	32.2893265471325	-13.1446632735663	3	40.2893265471325
ENSG00000163596	28.7683636417452	-11.3841818208726	3	36.7683636417452
ENSG00000163590	42.8446638329432	-18.4223319164716	3	50.8446638329432
ENSG00000163599	42.0323217257951	-18.0161608628975	3	50.0323217257951
ENSG00000184277	50.9381226867529	-22.4690613433765	3	58.9381226867529
ENSG00000105321	22.0744043867355	-8.03720219336775	3	30.0744043867355
ENSG00000105329	39.4325302080253	-16.7162651040126	3	47.4325302080253
ENSG00000131951	14.3657895833522	-4.18289479167612	3	22.3657895833522
ENSG00000025770	55.6518825183165	-24.8259412591582	3	63.6518825183165
ENSG00000025772	43.6921765304874	-18.8460882652437	3	51.6921765304874
ENSG00000271605	34.2447782851097	-14.1223891425549	3	42.2447782851097
ENSG00000152785	42.3411826065739	-18.1705913032869	3	50.3411826065739
ENSG00000152784	27.1008437882248	-10.5504218941124	3	35.1008437882248
ENSG00000132603	49.708210484149	-21.8541052420745	3	57.708210484149
ENSG00000132600	50.6824553581364	-22.3412276790682	3	58.6824553581364
ENSG00000132604	39.4609278344116	-16.7304639172058	3	47.4609278344116
ENSG00000136986	65.3842496044113	-29.6921248022057	3	73.3842496044113
ENSG00000137054	47.4663399508094	-20.7331699754047	3	55.4663399508094
ENSG00000137055	50.5274062394746	-22.2637031197373	3	58.5274062394746
ENSG00000138722	52.6826174080654	-23.3413087040327	3	60.6826174080654
ENSG00000187098	54.5431418208724	-24.2715709104362	3	62.5431418208724
ENSG00000187097	30.813411052172	-12.406705526086	3	38.813411052172
ENSG00000187094	38.6826310485255	-16.3413155242627	3	46.6826310485255
ENSG00000008311	48.3898278050568	-21.1949139025284	3	56.3898278050568
ENSG00000144401	40.6554768356428	-17.3277384178214	3	48.6554768356428
ENSG00000166148	42.4879195267678	-18.2439597633839	3	50.4879195267678
ENSG00000116885	36.466550836557	-15.2332754182785	3	44.466550836557
ENSG00000166145	41.0222181157905	-17.5111090578952	3	49.0222181157905
ENSG00000188811	41.3375195436576	-17.6687597718288	3	49.3375195436576
ENSG00000166140	29.2187538776531	-11.6093769388266	3	37.2187538776531
ENSG00000188817	9.56678652873066	-1.78339326436533	3	17.5667865287307
ENSG00000166143	13.2807674043546	-3.64038370217732	3	21.2807674043546
ENSG00000011009	48.6127028947392	-21.3063514473696	3	56.6127028947392
ENSG00000186417	44.8459825310286	-19.4229912655143	3	52.8459825310286
ENSG00000119285	38.7289405535799	-16.36447027679	3	46.7289405535799
ENSG00000115507	-3.76009935039402	4.88004967519701	3	4.23990064960598
ENSG00000115504	68.2014181247508	-31.1007090623754	3	76.2014181247508
ENSG00000119280	41.0054360079962	-17.5027180039981	3	49.0054360079962
ENSG00000164362	-2.09518267389748	4.04759133694874	3	5.90481732610252
ENSG00000164815	33.695192486602	-13.847596243301	3	41.695192486602
ENSG00000164366	52.9831519905921	-23.491575995296	3	60.9831519905921
ENSG00000137275	54.7112961172856	-24.3556480586428	3	62.7112961172856
ENSG00000235173	28.9850590454842	-11.4925295227421	3	36.9850590454842
ENSG00000172954	27.0037621800889	-10.5018810900445	3	35.0037621800889
ENSG00000172403	55.1803207025433	-24.5901603512717	3	63.1803207025433
ENSG00000162241	24.2977427999199	-9.14887139995996	3	32.2977427999199
ENSG00000138050	36.7071100775353	-15.3535550387677	3	44.7071100775353
ENSG00000151849	28.723310153735	-11.3616550768675	3	36.723310153735
ENSG00000132975	-27.8430699335446	16.9215349667723	3	-19.8430699335446
ENSG00000148572	50.7739609895874	-22.3869804947937	3	58.7739609895874
ENSG00000132970	47.6980560417776	-20.8490280208888	3	55.6980560417776
ENSG00000113905	25.4679534973433	-9.73397674867166	3	33.4679534973433
ENSG00000132972	-3.15822946841864	4.57911473420932	3	4.84177053158136
ENSG00000115762	54.4181056350431	-24.2090528175216	3	62.4181056350431
ENSG00000140939	45.9141192010979	-19.957059600549	3	53.9141192010979
ENSG00000115760	53.9086973092381	-23.954348654619	3	61.9086973092381
ENSG00000115761	47.9060930277207	-20.9530465138603	3	55.9060930277207
ENSG00000158526	54.1373737460379	-24.0686868730189	3	62.1373737460379
ENSG00000128595	73.527273460703	-33.7636367303515	3	81.527273460703
ENSG00000112238	-41.8031457172308	23.9015728586154	3	-33.8031457172308
ENSG00000206538	47.2578913607438	-20.6289456803719	3	55.2578913607438
ENSG00000104499	27.7610863234456	-10.8805431617228	3	35.7610863234456
ENSG00000143222	71.7330195862135	-32.8665097931068	3	79.7330195862135
ENSG00000116260	75.0410311956789	-34.5205155978395	3	83.0410311956789
ENSG00000159921	45.5475624484501	-19.7737812242251	3	53.5475624484501
ENSG00000206530	26.455888672284	-10.227944336142	3	34.455888672284
ENSG00000112232	-9.2979623025272	7.6489811512636	3	-1.2979623025272
ENSG00000112234	43.690025103573	-18.8450125517865	3	51.690025103573
ENSG00000112237	60.3615281593736	-27.1807640796868	3	68.3615281593736
ENSG00000206535	47.8856140462761	-20.9428070231381	3	55.8856140462761
ENSG00000139890	6.25807481891885	-0.129037409459424	3	14.2580748189188
ENSG00000130584	27.8322993898033	-10.9161496949017	3	35.8322993898033
ENSG00000139899	6.73697765987625	-0.368488829938127	3	14.7369776598763
ENSG00000116882	28.6740970353722	-11.3370485176861	3	36.6740970353722
ENSG00000129696	35.8887681783269	-14.9443840891634	3	43.8887681783269
ENSG00000129691	46.1274979369668	-20.0637489684834	3	54.1274979369668
ENSG00000154645	52.0404093691226	-23.0202046845613	3	60.0404093691226
ENSG00000154642	56.9118346374503	-25.4559173187251	3	64.9118346374503
ENSG00000154640	61.8803200782438	-27.9401600391219	3	69.8803200782438
ENSG00000196730	43.7874093384408	-18.8937046692204	3	51.7874093384408
ENSG00000174332	4.27209289484445	0.863953552577777	3	12.2720928948444
ENSG00000154319	52.5485158981632	-23.2742579490816	3	60.5485158981632
ENSG00000175315	82.4365368544373	-38.2182684272187	3	90.4365368544373
ENSG00000120265	75.5616505567368	-34.7808252783684	3	83.5616505567368
ENSG00000100253	24.7209567937872	-9.36047839689362	3	32.7209567937872
ENSG00000175311	5.76145450193691	0.119272749031543	3	13.7614545019369
ENSG00000120262	38.4772678170826	-16.2386339085413	3	46.4772678170826
ENSG00000130055	22.7447300412452	-8.3723650206226	3	30.7447300412452
ENSG00000130054	17.6740777430141	-5.83703887150706	3	25.6740777430141
ENSG00000130725	67.7758647375447	-30.8879323687723	3	75.7758647375447
ENSG00000175318	27.4187869176323	-10.7093934588161	3	35.4187869176323
ENSG00000159086	40.6419541117818	-17.3209770558909	3	48.6419541117818
ENSG00000145826	23.8031408399085	-8.90157041995423	3	31.8031408399085
ENSG00000140157	63.1724820849412	-28.5862410424706	3	71.1724820849412
ENSG00000174165	38.4266089001451	-16.2133044500725	3	46.4266089001451
ENSG00000166411	61.6478126830112	-27.8239063415056	3	69.6478126830112
ENSG00000145920	34.9067408024586	-14.4533704012293	3	42.9067408024586
ENSG00000145431	52.1661288766622	-23.0830644383311	3	60.1661288766622
ENSG00000188816	-17.6088151080018	11.8044075540009	3	-9.60881510800181
ENSG00000145439	43.7999309015079	-18.8999654507539	3	51.7999309015079
ENSG00000089682	37.5899174208073	-15.7949587104036	3	45.5899174208073
ENSG00000110906	48.2689828408435	-21.1344914204217	3	56.2689828408435
ENSG00000170836	30.1856084852214	-12.0928042426107	3	38.1856084852214
ENSG00000170835	22.3842495043658	-8.19212475218292	3	30.3842495043658
ENSG00000081307	47.0022899851255	-20.5011449925628	3	55.0022899851255
ENSG00000072135	48.2870725634149	-21.1435362817074	3	56.2870725634149
ENSG00000072134	43.9782186530611	-18.9891093265306	3	51.9782186530611
ENSG00000197603	46.0278762686312	-20.0139381343156	3	54.0278762686312
ENSG00000180979	54.103891914533	-24.0519459572665	3	62.103891914533
ENSG00000161265	52.5728364127197	-23.2864182063598	3	60.5728364127197
ENSG00000079101	20.2397733413381	-7.11988667066903	3	28.2397733413381
ENSG00000161267	55.6868341121442	-24.8434170560721	3	63.6868341121442
ENSG00000185339	52.5598642831216	-23.2799321415608	3	60.5598642831216
ENSG00000085514	27.8863886638081	-10.9431943319041	3	35.8863886638081
ENSG00000085840	-0.162660768916225	3.08133038445811	3	7.83733923108378
ENSG00000085511	46.3050105211589	-20.1525052605795	3	54.3050105211589
ENSG00000169330	18.9619176171744	-6.4809588085872	3	26.9619176171744
ENSG00000273559	33.7648312604778	-13.8824156302389	3	41.7648312604778
ENSG00000089356	77.0900296268555	-35.5450148134277	3	85.0900296268555
ENSG00000236279	17.0364679846291	-5.51823399231454	3	25.0364679846291
ENSG00000072864	33.8683697377052	-13.9341848688526	3	41.8683697377052
ENSG00000150750	3.17615615079331	1.41192192460335	3	11.1761561507933
ENSG00000169194	8.94722359289224	-1.47361179644612	3	16.9472235928922
ENSG00000006377	-0.99984898122655	3.49992449061327	3	7.00015101877345
ENSG00000068784	28.0641951473697	-11.0320975736849	3	36.0641951473697
ENSG00000156253	36.5118598852845	-15.2559299426422	3	44.5118598852845
ENSG00000174808	65.0320274881141	-29.5160137440571	3	73.0320274881141
ENSG00000134802	62.2390985758833	-28.1195492879416	3	70.2390985758833
ENSG00000198001	48.2554040136436	-21.1277020068218	3	56.2554040136436
ENSG00000171126	6.8571720946651	-0.428586047332551	3	14.8571720946651
ENSG00000134809	93.2633662492512	-43.6316831246256	3	101.263366249251
ENSG00000134779	51.2458848597823	-22.6229424298911	3	59.2458848597823
ENSG00000180376	49.6904379950935	-21.8452189975468	3	57.6904379950935
ENSG00000147383	57.0983784481763	-25.5491892240882	3	65.0983784481763
ENSG00000131725	35.4431760672751	-14.7215880336375	3	43.4431760672751
ENSG00000131095	20.7278978308627	-7.36394891543136	3	28.7278978308627
ENSG00000176407	58.9796814925807	-26.4898407462904	3	66.9796814925807
ENSG00000181143	-15.4843918796707	10.7421959398354	3	-7.48439187967074
ENSG00000204463	50.0249003716968	-22.0124501858484	3	58.0249003716968
ENSG00000184313	22.1719584021188	-8.08597920105939	3	30.1719584021188
ENSG00000110274	32.9346684970784	-13.4673342485392	3	40.9346684970784
ENSG00000181610	66.9963677393406	-30.4981838696703	3	74.9963677393406
ENSG00000007392	77.4143547784039	-35.7071773892019	3	85.4143547784039
ENSG00000184677	32.8532112107139	-13.426605605357	3	40.8532112107139
ENSG00000168061	35.4923229287969	-14.7461614643985	3	43.4923229287969
ENSG00000168060	24.4425517769893	-9.22127588849466	3	32.4425517769893
ENSG00000189337	34.9133403282055	-14.4566701641027	3	42.9133403282055
ENSG00000137270	19.0082585595972	-6.50412927979858	3	27.0082585595972
ENSG00000188313	72.2331148448262	-33.1165574224131	3	80.2331148448262
ENSG00000188312	19.0452120337675	-6.52260601688375	3	27.0452120337675
ENSG00000188316	18.5624218283992	-6.28121091419962	3	26.5624218283992
ENSG00000185808	69.1897949612731	-31.5948974806366	3	77.1897949612731
ENSG00000088970	46.7517438637041	-20.375871931852	3	54.7517438637041
ENSG00000102794	8.34661493222221	-1.17330746611111	3	16.3466149322222
ENSG00000146386	70.190754634585	-32.0953773172925	3	78.190754634585
ENSG00000172409	31.5662945001305	-12.7831472500653	3	39.5662945001305
ENSG00000178522	17.8899869917081	-5.94499349585406	3	25.8899869917081
ENSG00000165819	39.4483491373145	-16.7241745686573	3	47.4483491373145
ENSG00000163293	22.5770696242171	-8.28853481210857	3	30.5770696242171
ENSG00000168246	46.0982918771785	-20.0491459385892	3	54.0982918771785
ENSG00000163297	74.1105735676517	-34.0552867838258	3	82.1105735676517
ENSG00000168243	54.8628276985915	-24.4314138492958	3	62.8628276985915
ENSG00000105518	48.0076782177698	-21.0038391088849	3	56.0076782177698
ENSG00000109819	34.1859493063812	-14.0929746531906	3	42.1859493063812
ENSG00000109814	71.0843055936746	-32.5421527968373	3	79.0843055936746
ENSG00000095574	42.0878260834135	-18.0439130417067	3	50.0878260834135
ENSG00000181873	31.8747750407142	-12.9373875203571	3	39.8747750407142
ENSG00000114378	59.4665745633142	-26.7332872816571	3	67.4665745633142
ENSG00000182831	57.7881369502595	-25.8940684751297	3	65.7881369502595
ENSG00000204070	64.0591342899851	-29.0295671449926	3	72.0591342899851
ENSG00000119616	63.2236978179162	-28.6118489089581	3	71.2236978179162
ENSG00000119614	-0.188220902238021	3.09411045111901	3	7.81177909776198
ENSG00000177752	25.5285261567793	-9.76426307838967	3	33.5285261567793
ENSG00000177202	-16.9110973712206	11.4555486856103	3	-8.91109737122056
ENSG00000141431	19.316105085505	-6.65805254275251	3	27.316105085505
ENSG00000147655	-0.0346279391049968	3.0173139695525	3	7.965372060895
ENSG00000147654	54.0764503573103	-24.0382251786552	3	62.0764503573103
ENSG00000162745	45.5722655710618	-19.7861327855309	3	53.5722655710618
ENSG00000135643	45.622638603281	-19.8113193016405	3	53.622638603281
ENSG00000129562	88.7483051139718	-41.3741525569859	3	96.7483051139718
ENSG00000018699	33.2133831235118	-13.6066915617559	3	41.2133831235118
ENSG00000136048	39.202628768682	-16.601314384341	3	47.202628768682
ENSG00000149218	39.2080758186955	-16.6040379093478	3	47.2080758186955
ENSG00000136045	44.3419818541701	-19.170990927085	3	52.3419818541701
ENSG00000052850	26.6392948295784	-10.3196474147892	3	34.6392948295784
ENSG00000165775	64.5483560390223	-29.2741780195112	3	72.5483560390223
ENSG00000136040	27.5062706108306	-10.7531353054153	3	35.5062706108306
ENSG00000136514	56.7044013235219	-25.352200661761	3	64.7044013235219
ENSG00000125812	25.2248942238993	-9.61244711194966	3	33.2248942238993
ENSG00000163435	23.1383104570811	-8.56915522854056	3	31.1383104570811
ENSG00000101216	25.6025693808871	-9.80128469044355	3	33.6025693808871
ENSG00000154415	48.0143028809982	-21.0071514404991	3	56.0143028809982
ENSG00000163430	86.8519287877537	-40.4259643938768	3	94.8519287877537
ENSG00000084073	49.2253227411332	-21.6126613705666	3	57.2253227411332
ENSG00000084072	46.2215076704988	-20.1107538352494	3	54.2215076704988
ENSG00000084070	53.395732990111	-23.6978664950555	3	61.395732990111
ENSG00000141380	62.1918352704951	-28.0959176352475	3	70.1918352704951
ENSG00000183318	-17.4548565425203	11.7274282712601	3	-9.45485654252029
ENSG00000095397	14.9938510010631	-4.49692550053153	3	22.9938510010631
ENSG00000109762	42.0479565569011	-18.0239782784505	3	50.0479565569011
ENSG00000188175	49.2510440228657	-21.6255220114328	3	57.2510440228657
ENSG00000188177	42.2660221495994	-18.1330110747997	3	50.2660221495994
ENSG00000188176	18.8961168047207	-6.44805840236036	3	26.8961168047207
ENSG00000162526	14.8936060609921	-4.44680303049605	3	22.8936060609921
ENSG00000140406	43.6438817877321	-18.8219408938661	3	51.6438817877321
ENSG00000167207	11.887256001805	-2.94362800090248	3	19.887256001805
ENSG00000067560	79.2271549254258	-36.6135774627129	3	87.2271549254258
ENSG00000165804	41.3660165259648	-17.6830082629824	3	49.3660165259648
ENSG00000165805	0.57099776599786	2.71450111700107	3	8.57099776599786
ENSG00000080822	60.2676671401994	-27.1338335700997	3	68.2676671401994
ENSG00000080823	32.9229753426477	-13.4614876713239	3	40.9229753426477
ENSG00000165556	-40.1168112300181	23.058405615009	3	-32.1168112300181
ENSG00000165801	45.5306219424869	-19.7653109712435	3	53.5306219424869
ENSG00000165802	59.7948725541457	-26.8974362770728	3	67.7948725541457
ENSG00000165555	13.0209069621722	-3.51045348108609	3	21.0209069621722
ENSG00000108375	23.0634573619952	-8.53172868099761	3	31.0634573619952
ENSG00000213578	18.0315255143532	-6.0157627571766	3	26.0315255143532
ENSG00000128891	60.2376874190916	-27.1188437095458	3	68.2376874190916
ENSG00000276045	42.9134847203949	-18.4567423601974	3	50.9134847203949
ENSG00000070748	4.71771215765419	0.641143921172905	3	12.7177121576542
ENSG00000119878	82.2618061204044	-38.1309030602022	3	90.2618061204044
ENSG00000006611	18.6569830322787	-6.32849151613937	3	26.6569830322787
ENSG00000089163	25.8013000625248	-9.90065003126239	3	33.8013000625248
ENSG00000278535	54.9655565822503	-24.4827782911252	3	62.9655565822503
ENSG00000271601	45.03980971664	-19.51990485832	3	53.03980971664
ENSG00000089169	9.30302223736027	-1.65151111868014	3	17.3030222373603
ENSG00000213619	70.9966546922716	-32.4983273461358	3	78.9966546922716
ENSG00000198826	24.0380368109724	-9.0190184054862	3	32.0380368109724
ENSG00000144674	71.7756140267166	-32.8878070133583	3	79.7756140267166
ENSG00000198825	34.8160355744295	-14.4080177872147	3	42.8160355744295
ENSG00000198821	46.6600373884852	-20.3300186942426	3	54.6600373884852
ENSG00000159261	-9.97792917939762	7.98896458969881	3	-1.97792917939762
ENSG00000100034	44.3984111110698	-19.1992055555349	3	52.3984111110698
ENSG00000150316	66.3575554443877	-30.1787777221938	3	74.3575554443877
ENSG00000182040	-36.0062923534305	21.0031461767152	3	-28.0062923534305
ENSG00000054938	25.1927089966483	-9.59635449832416	3	33.1927089966483
ENSG00000081051	16.0332926175975	-5.01664630879876	3	24.0332926175975
ENSG00000152223	31.8876495793597	-12.9438247896798	3	39.8876495793597
ENSG00000121858	72.8166706240409	-33.4083353120205	3	80.8166706240409
ENSG00000121853	12.6337401927771	-3.31687009638853	3	20.6337401927771
ENSG00000121851	57.7637694374806	-25.8818847187403	3	65.7637694374806
ENSG00000152229	42.0539803778413	-18.0269901889207	3	50.0539803778413
ENSG00000196072	65.9858078833037	-29.9929039416519	3	73.9858078833037
ENSG00000164609	53.5584494955448	-23.7792247477724	3	61.5584494955448
ENSG00000198929	12.9500855963089	-3.47504279815447	3	20.9500855963089
ENSG00000128408	6.837914949834	-0.418957474916998	3	14.837914949834
ENSG00000116698	67.7249440715368	-30.8624720357684	3	75.7249440715368
ENSG00000164603	36.9735906974268	-15.4867953487134	3	44.9735906974268
ENSG00000198920	26.9535517358289	-10.4767758679145	3	34.9535517358289
ENSG00000164604	27.9188056326371	-10.9594028163185	3	35.9188056326371
ENSG00000198924	28.6651674661194	-11.3325837330597	3	36.6651674661194
ENSG00000175874	25.0239182744785	-9.51195913723924	3	33.0239182744785
ENSG00000120675	82.1322502139215	-38.0661251069608	3	90.1322502139215
ENSG00000175877	-22.3363755786237	14.1681877893118	3	-14.3363755786237
ENSG00000117614	56.9548627998293	-25.4774313999147	3	64.9548627998293
ENSG00000176177	10.8768599612135	-2.43842998060675	3	18.8768599612135
ENSG00000170312	25.1979549288917	-9.59897746444586	3	33.1979549288917
ENSG00000143545	69.973211010952	-31.986605505476	3	77.973211010952
ENSG00000143546	69.497227224164	-31.748613612082	3	77.497227224164
ENSG00000104826	-2.98830935648176	4.49415467824088	3	5.01169064351824
ENSG00000116525	15.7796402129859	-4.88982010649295	3	23.7796402129859
ENSG00000143443	15.0356596998107	-4.51782984990536	3	23.0356596998107
ENSG00000005700	44.9941381922877	-19.4970690961438	3	52.9941381922877
ENSG00000161381	57.0792698602742	-25.5396349301371	3	65.0792698602742
ENSG00000107262	70.7045729935325	-32.3522864967663	3	78.7045729935325
ENSG00000107263	40.4737707753387	-17.2368853876694	3	48.4737707753387
ENSG00000106682	72.3302584951838	-33.1651292475919	3	80.3302584951838
ENSG00000204899	80.2502899428108	-37.1251449714054	3	88.2502899428108
ENSG00000104497	37.6723633057941	-15.8361816528971	3	45.6723633057941
ENSG00000155906	44.5817715831024	-19.2908857915512	3	52.5817715831024
ENSG00000153574	54.6040379405991	-24.3020189702996	3	62.6040379405991
ENSG00000120094	-33.3074215044787	19.6537107522394	3	-25.3074215044787
ENSG00000197296	62.8259561760199	-28.41297808801	3	70.8259561760199
ENSG00000008282	58.0058433237814	-26.0029216618907	3	66.0058433237814
ENSG00000113460	43.4068430705883	-18.7034215352941	3	51.4068430705883
ENSG00000123407	-7.11709375443582	6.55854687721791	3	0.882906245564179
ENSG00000123405	-9.18315447264385	7.59157723632193	3	-1.18315447264385
ENSG00000169297	3.84401992053637	1.07799003973182	3	11.8440199205364
ENSG00000129317	33.1130625571574	-13.5565312785787	3	41.1130625571574
ENSG00000169291	36.8574275586137	-15.4287137793069	3	44.8574275586137
ENSG00000144848	63.6244124622987	-28.8122062311494	3	71.6244124622987
ENSG00000143815	45.8198061617984	-19.9099030808992	3	53.8198061617984
ENSG00000156575	-24.7327198446214	15.3663599223107	3	-16.7327198446214
ENSG00000237521	-15.5655615582276	10.7827807791138	3	-7.56556155822755
ENSG00000106355	78.6516851197872	-36.3258425598936	3	86.6516851197872
ENSG00000144847	47.534344439687	-20.7671722198435	3	55.534344439687
ENSG00000124571	37.9874236873884	-15.9937118436942	3	45.9874236873884
ENSG00000175697	11.8761659430611	-2.93808297153055	3	19.8761659430611
ENSG00000161929	21.7664980774996	-7.88324903874979	3	29.7664980774996
ENSG00000139540	19.444142030104	-6.722071015052	3	27.444142030104
ENSG00000075292	60.6939828748727	-27.3469914374363	3	68.6939828748727
ENSG00000111319	14.2386007509148	-4.11930037545738	3	22.2386007509148
ENSG00000075290	-5.863732563324	5.931866281662	3	2.136267436676
ENSG00000135436	-8.35976132836129	7.17988066418064	3	-0.359761328361285
ENSG00000135437	60.0185153248821	-27.009257662441	3	68.0185153248821
ENSG00000135346	32.6431903899913	-13.3215951949957	3	40.6431903899913
ENSG00000142632	8.44750472686801	-1.22375236343401	3	16.447504726868
ENSG00000147465	37.0332666337181	-15.516633316859	3	45.0332666337181
ENSG00000142149	18.2676838868129	-6.13384194340644	3	26.2676838868129
ENSG00000107882	33.2325213002027	-13.6162606501013	3	41.2325213002027
ENSG00000183145	11.1090841768306	-2.55454208841531	3	19.1090841768306
ENSG00000163605	59.3145859596341	-26.6572929798171	3	67.3145859596341
ENSG00000163606	29.8181142824169	-11.9090571412085	3	37.8181142824169
ENSG00000163607	37.3958209991379	-15.697910499569	3	45.3958209991379
ENSG00000163600	19.28244161066	-6.64122080532998	3	27.28244161066
ENSG00000214732	36.9066496882306	-15.4533248441153	3	44.9066496882306
ENSG00000163608	45.5914613363716	-19.7957306681858	3	53.5914613363716
ENSG00000155229	44.99803595392	-19.49901797696	3	52.99803595392
ENSG00000167566	21.3400778518198	-7.67003892590991	3	29.3400778518198
ENSG00000249961	23.3380564121707	-8.66902820608534	3	31.3380564121707
ENSG00000179008	17.8068137625015	-5.90340688125076	3	25.8068137625015
ENSG00000188782	-13.0098992047168	9.50494960235841	3	-5.00989920471681
ENSG00000188783	59.220438074624	-26.610219037312	3	67.220438074624
ENSG00000118137	63.9646707924097	-28.9823353962049	3	71.9646707924097
ENSG00000047346	62.4396710463568	-28.2198355231784	3	70.4396710463568
ENSG00000131979	35.8960370973965	-14.9480185486982	3	43.8960370973965
ENSG00000152766	13.7997883859131	-3.89989419295657	3	21.7997883859131
ENSG00000176340	114.573057654947	-54.2865288274736	3	122.573057654947
ENSG00000152763	35.3529192508896	-14.6764596254448	3	43.3529192508896
ENSG00000152760	34.4723713420506	-14.2361856710253	3	42.4723713420506
ENSG00000146733	66.9540906105681	-30.477045305284	3	74.9540906105681
ENSG00000132376	55.8849219588442	-24.9424609794221	3	63.8849219588442
ENSG00000149177	39.4152832013561	-16.7076416006781	3	47.4152832013561
ENSG00000149179	37.7513806386653	-15.8756903193326	3	45.7513806386653
ENSG00000051620	59.0432451596063	-26.5216225798032	3	67.0432451596063
ENSG00000144468	45.9961690038393	-19.9980845019196	3	53.9961690038393
ENSG00000133027	70.0962133672128	-32.0481066836064	3	78.0962133672128
ENSG00000127870	65.4170605546297	-29.7085302773149	3	73.4170605546297
ENSG00000133028	41.9538150031288	-17.9769075015644	3	49.9538150031288
ENSG00000128791	58.1907627553721	-26.095381377686	3	66.1907627553721
ENSG00000144460	-8.1070795071215	7.05353975356075	3	-0.107079507121503
ENSG00000166166	27.9681555482045	-10.9840777741023	3	35.9681555482045
ENSG00000166164	53.7978465115447	-23.8989232557723	3	61.7978465115447
ENSG00000103121	83.0566469545289	-38.5283234772645	3	91.0566469545289
ENSG00000241553	79.0146232246064	-36.5073116123032	3	87.0146232246064
ENSG00000055147	45.1092019477154	-19.5546009738577	3	53.1092019477154
ENSG00000166169	26.9481456177179	-10.474072808859	3	34.9481456177179
ENSG00000173334	43.8834789197731	-18.9417394598866	3	51.8834789197731
ENSG00000011021	36.1154565399335	-15.0577282699667	3	44.1154565399335
ENSG00000186439	47.7508455485524	-20.8754227742762	3	55.7508455485524
ENSG00000215421	23.3174000591785	-8.65870002958925	3	31.3174000591785
ENSG00000115568	22.7452627963195	-8.37263139815974	3	30.7452627963195
ENSG00000184697	35.3664817893081	-14.6832408946541	3	43.3664817893081
ENSG00000115561	67.2107905955317	-30.6053952977658	3	75.2107905955317
ENSG00000172426	31.5269874244343	-12.7634937122172	3	39.5269874244343
ENSG00000172425	47.4618284811146	-20.7309142405573	3	55.4618284811146
ENSG00000116062	33.5795012241804	-13.7897506120902	3	41.5795012241804
ENSG00000172421	27.624028397746	-10.812014198873	3	35.624028397746
ENSG00000112782	54.7847723549723	-24.3923861774862	3	62.7847723549723
ENSG00000255833	17.7659696129019	-5.88298480645094	3	25.7659696129019
ENSG00000112039	32.0231601930326	-13.0115800965163	3	40.0231601930326
ENSG00000124641	48.69736300894	-21.34868150447	3	56.69736300894
ENSG00000040341	51.519019111549	-22.7595095557745	3	59.519019111549
ENSG00000108423	26.0482935815234	-10.0241467907617	3	34.0482935815234
ENSG00000064692	27.5762559943184	-10.7881279971592	3	35.5762559943184
ENSG00000132952	27.9637989243129	-10.9818994621565	3	35.9637989243129
ENSG00000132953	48.0143447403035	-21.0071723701517	3	56.0143447403035
ENSG00000113924	51.5056449784292	-22.7528224892146	3	59.5056449784292
ENSG00000119403	28.5455012906446	-11.2727506453223	3	36.5455012906446
ENSG00000119402	59.0886552406832	-26.5443276203416	3	67.0886552406832
ENSG00000119401	10.3850185663585	-2.19250928317927	3	18.3850185663585
ENSG00000187033	-32.3346492772036	19.1673246386018	3	-24.3346492772036
ENSG00000137078	9.76294791588708	-1.88147395794354	3	17.7629479158871
ENSG00000004139	23.5223223235535	-8.76116116177677	3	31.5223223235535
ENSG00000137074	39.9743074351236	-16.9871537175618	3	47.9743074351236
ENSG00000137070	60.0714054485914	-27.0357027242957	3	68.0714054485914
ENSG00000116205	41.0738979758746	-17.5369489879373	3	49.0738979758746
ENSG00000116209	77.5982387931325	-35.7991193965663	3	85.5982387931325
ENSG00000187753	45.6083961568821	-19.804198078441	3	53.6083961568821
ENSG00000009335	46.8872977657141	-20.443648882857	3	54.8872977657141
ENSG00000173599	91.6544305975481	-42.8272152987741	3	99.6544305975481
ENSG00000136709	47.1242131065656	-20.5621065532828	3	55.1242131065656
ENSG00000187823	14.2243467837928	-4.11217339189638	3	22.2243467837928
ENSG00000165120	13.3745106674665	-3.68725533373327	3	21.3745106674665
ENSG00000129673	-16.4034390965552	11.2017195482776	3	-8.40343909655524
ENSG00000165124	55.750320658747	-24.8751603293735	3	63.750320658747
ENSG00000196712	47.2773130543847	-20.6386565271923	3	55.2773130543847
ENSG00000121446	7.37031122648323	-0.685155613241615	3	15.3703112264832
ENSG00000141179	50.2248200735722	-22.1124100367861	3	58.2248200735722
ENSG00000174640	27.2944797738425	-10.6472398869213	3	35.2944797738426
ENSG00000137251	17.4428412675523	-5.72142063377615	3	25.4428412675523
ENSG00000164830	58.8188874625563	-26.4094437312782	3	66.8188874625563
ENSG00000197591	-15.9683290708186	10.9841645354093	3	-7.96832907081858
ENSG00000104213	64.2068425157063	-29.1034212578532	3	72.2068425157063
ENSG00000197045	69.8091447046742	-31.9045723523371	3	77.8091447046742
ENSG00000197046	20.789275799965	-7.39463789998251	3	28.789275799965
ENSG00000104218	48.7821520165305	-21.3910760082653	3	56.7821520165305
ENSG00000130707	68.159673987626	-31.079836993813	3	76.159673987626
ENSG00000103978	55.8685514468962	-24.9342757234481	3	63.8685514468962
ENSG00000122862	85.8103367380692	-39.9051683690346	3	93.8103367380692
ENSG00000122861	59.3760013121742	-26.6880006560871	3	67.3760013121742
ENSG00000186480	83.3391299613799	-38.66956498069	3	91.3391299613799
ENSG00000184451	0.637973714969426	2.68101314251529	3	8.63797371496943
ENSG00000185278	25.6347266979649	-9.81736334898246	3	33.6347266979649
ENSG00000067221	35.1227214443027	-14.5613607221514	3	43.1227214443027
ENSG00000185271	21.8623743970231	-7.93118719851157	3	29.8623743970231
ENSG00000181220	31.8184570925743	-12.9092285462872	3	39.8184570925743
ENSG00000185272	20.8107181446543	-7.40535907232715	3	28.8107181446543
ENSG00000143321	60.8957884881279	-27.4478942440639	3	68.8957884881279
ENSG00000170819	-2.9804453635194	4.4902226817597	3	5.0195546364806
ENSG00000145414	37.4032490302675	-15.7016245151337	3	45.4032490302675
ENSG00000145416	35.6679114330715	-14.8339557165357	3	43.6679114330715
ENSG00000090512	-11.5263075519305	8.76315377596524	3	-3.52630755193049
ENSG00000124249	15.2229026435617	-4.61145132178084	3	23.2229026435617
ENSG00000148498	50.7324789399132	-22.3662394699566	3	58.7324789399132
ENSG00000087206	41.099185419114	-17.549592709557	3	49.099185419114
ENSG00000117009	23.1378814654291	-8.56894073271456	3	31.1378814654291
ENSG00000180992	79.8134843929218	-36.9067421964609	3	87.8134843929218
ENSG00000180999	27.7020443002625	-10.8510221501313	3	35.7020443002625
ENSG00000165023	22.046926325821	-8.02346316291051	3	30.046926325821
ENSG00000113070	27.5763741718533	-10.7881870859267	3	35.5763741718533
ENSG00000185250	37.3707045320482	-15.6853522660241	3	45.3707045320482
ENSG00000140280	45.1659898495476	-19.5829949247738	3	53.1659898495476
ENSG00000241935	35.9346100913076	-14.9673050456538	3	43.9346100913076
ENSG00000198520	12.6946450068851	-3.34732250344255	3	20.6946450068851
ENSG00000081181	31.6077456483155	-12.8038728241577	3	39.6077456483155
ENSG00000076382	13.2527268487356	-3.6263634243678	3	21.2527268487356
ENSG00000107745	43.4654038990799	-18.73270194954	3	51.4654038990799
ENSG00000107742	45.8725144005675	-19.9362572002838	3	53.8725144005675
ENSG00000176641	47.9287442273755	-20.9643721136877	3	55.9287442273755
ENSG00000101361	47.6855665295312	-20.8427832647656	3	55.6855665295312
ENSG00000213397	45.0943416387262	-19.5471708193631	3	53.0943416387262
ENSG00000213390	20.0983767017084	-7.04918835085418	3	28.0983767017084
ENSG00000110786	-3.15120620714753	4.57560310357377	3	4.84879379285247
ENSG00000156273	49.1316569254301	-21.5658284627151	3	57.1316569254301
ENSG00000134759	56.034585545707	-25.0172927728535	3	64.034585545707
ENSG00000275835	46.8760162277692	-20.4380081138846	3	54.8760162277692
ENSG00000081985	15.1411757768813	-4.57058788844065	3	23.1411757768813
ENSG00000143155	56.6669243700545	-25.3334621850273	3	64.6669243700545
ENSG00000213398	47.732706406555	-20.8663532032775	3	55.732706406555
ENSG00000143153	56.9730003857133	-25.4865001928566	3	64.9730003857133
ENSG00000171148	41.0292290397286	-17.5146145198643	3	49.0292290397286
ENSG00000134283	52.6939221108427	-23.3469610554214	3	60.6939221108427
ENSG00000143486	38.0844408528114	-16.0422204264057	3	46.0844408528114
ENSG00000182591	-16.0225325847029	11.0112662923515	3	-8.02253258470293
ENSG00000124743	45.0402174439375	-19.5201087219688	3	53.0402174439375
ENSG00000175197	49.8000858132998	-21.9000429066499	3	57.8000858132998
ENSG00000197622	95.6488313907239	-44.8244156953619	3	103.648831390724
ENSG00000076108	47.653745005496	-20.826872502748	3	55.653745005496
ENSG00000176422	37.9578822310724	-15.9789411155362	3	45.9578822310724
ENSG00000123219	43.163734340054	-18.581867170027	3	51.163734340054
ENSG00000243725	35.1738461772068	-14.5869230886034	3	43.1738461772068
ENSG00000126106	47.9517796788842	-20.9758898394421	3	55.9517796788842
ENSG00000065268	62.4156654562745	-28.2078327281373	3	70.4156654562745
ENSG00000126003	13.3549744756206	-3.67748723781029	3	21.3549744756206
ENSG00000204406	56.4166589984623	-25.2083294992312	3	64.4166589984623
ENSG00000189319	43.7305252865021	-18.8652626432511	3	51.7305252865021
ENSG00000167716	28.194571429232	-11.097285714616	3	36.194571429232
ENSG00000168002	62.5095471585133	-28.2547735792566	3	70.5095471585133
ENSG00000168000	53.9165973732302	-23.9582986866151	3	61.9165973732302
ENSG00000168005	28.436179519672	-11.218089759836	3	36.436179519672
ENSG00000167711	25.469171606915	-9.73458580345751	3	33.469171606915
ENSG00000241837	91.0286960992392	-42.5143480496196	3	99.0286960992392
ENSG00000111786	53.11022732099	-23.555113660495	3	61.11022732099
ENSG00000241839	41.3234372823039	-17.6617186411519	3	49.3234372823039
ENSG00000185860	36.409088389372	-15.204544194686	3	44.409088389372
ENSG00000185862	41.2846801975844	-17.6423400987922	3	49.2846801975844
ENSG00000114573	48.7018200338455	-21.3509100169227	3	56.7018200338455
ENSG00000169714	80.5206015477323	-37.2603007738662	3	88.5206015477323
ENSG00000235863	36.5539413645858	-15.2769706822929	3	44.5539413645858
ENSG00000265241	65.1366476078122	-29.5683238039061	3	73.1366476078122
ENSG00000139289	39.5771531290482	-16.7885765645241	3	47.5771531290482
ENSG00000136280	32.8403406871261	-13.4201703435631	3	40.8403406871261
ENSG00000102445	33.9820927958079	-13.9910463979039	3	41.9820927958079
ENSG00000065485	30.170123347543	-12.0850616737715	3	38.170123347543
ENSG00000178403	3.5411989729728	1.2294005135136	3	11.5411989729728
ENSG00000148908	71.5788991499547	-32.7894495749774	3	79.5788991499547
ENSG00000143578	36.7096089990595	-15.3548044995297	3	44.7096089990595
ENSG00000205758	59.3889631119708	-26.6944815559854	3	67.3889631119708
ENSG00000133703	44.7124048186566	-19.3562024093283	3	52.7124048186566
ENSG00000105792	30.9302041295649	-12.4651020647824	3	38.9302041295649
ENSG00000105793	43.8180632643457	-18.9090316321729	3	51.8180632643457
ENSG00000162729	27.6318597569189	-10.8159298784594	3	35.6318597569189
ENSG00000180694	58.0465510245651	-26.0232755122826	3	66.0465510245651
ENSG00000188372	14.543779625816	-4.27188981290801	3	22.543779625816
ENSG00000162722	8.91042968178067	-1.45521484089033	3	16.9104296817807
ENSG00000162891	-11.7218531147452	8.86092655737261	3	-3.72185311474521
ENSG00000162896	39.4835245061774	-16.7417622530887	3	47.4835245061774
ENSG00000162897	8.25277549653786	-1.12638774826893	3	16.2527754965379
ENSG00000162894	45.1627527812939	-19.581376390647	3	53.1627527812939
ENSG00000149231	52.082431185668	-23.041215592834	3	60.082431185668
ENSG00000165714	48.438072820964	-21.219036410482	3	56.438072820964
ENSG00000167978	63.8825349451035	-28.9412674725517	3	71.8825349451035
ENSG00000115956	40.404757053726	-17.202378526863	3	48.404757053726
ENSG00000163412	57.5605850573475	-25.7802925286737	3	65.5605850573475
ENSG00000154438	39.743973357382	-16.871986678691	3	47.743973357382
