genename	AIC	lnL	k	AICC
ENSG00000106605	50.1755883811128	-22.0877941905564	3	58.1755883811128
ENSG00000106609	60.321696480039	-27.1608482400195	3	68.321696480039
ENSG00000106608	62.7745523373048	-28.3872761686524	3	70.7745523373048
ENSG00000196844	9.9079123710004	-1.9539561855002	3	17.9079123710004
ENSG00000033011	46.0079937621386	-20.0039968810693	3	54.0079937621386
ENSG00000131467	57.3486795144604	-25.6743397572302	3	65.3486795144604
ENSG00000034533	31.1557881628877	-12.5778940814439	3	39.1557881628877
ENSG00000103653	59.6903721764969	-26.8451860882485	3	67.6903721764969
ENSG00000118420	19.7323136579754	-6.86615682898768	3	27.7323136579754
ENSG00000152669	-13.7779576550644	9.88897882753221	3	-5.77795765506442
ENSG00000152661	71.7849601347426	-32.8924800673713	3	79.7849601347426
ENSG00000135775	38.2163341289386	-16.1081670644693	3	46.2163341289386
ENSG00000178896	45.9595454009324	-19.9797727004662	3	53.9595454009324
ENSG00000102383	43.648543149635	-18.8242715748175	3	51.648543149635
ENSG00000102384	23.7378419613923	-8.86892098069617	3	31.7378419613923
ENSG00000102837	-11.3406928285724	8.67034641428622	3	-3.34069282857244
ENSG00000102387	5.17248747097775	0.413756264511126	3	13.1724874709777
ENSG00000143633	37.9200728239053	-15.9600364119527	3	45.9200728239053
ENSG00000143320	70.4148966932516	-32.2074483466258	3	78.4148966932516
ENSG00000134030	57.4280054532594	-25.7140027266297	3	65.4280054532594
ENSG00000167653	24.8567123399389	-9.42835616996946	3	32.8567123399389
ENSG00000143324	26.0495554304632	-10.0247777152316	3	34.0495554304632
ENSG00000128045	30.3841871183037	-12.1920935591519	3	38.3841871183037
ENSG00000065615	41.2521870165341	-17.6260935082671	3	49.2521870165341
ENSG00000171444	34.7604101151466	-14.3802050575733	3	42.7604101151466
ENSG00000065618	38.5579890937187	-16.2789945468594	3	46.5579890937187
ENSG00000105982	29.3838500356753	-11.6919250178376	3	37.3838500356753
ENSG00000131203	36.3148769696044	-15.1574384848022	3	44.3148769696044
ENSG00000188076	36.4170207259744	-15.2085103629872	3	44.4170207259744
ENSG00000188070	34.5421062032278	-14.2710531016139	3	42.5421062032278
ENSG00000147536	34.2853665103683	-14.1426832551841	3	42.2853665103683
ENSG00000123737	48.8396502887113	-21.4198251443557	3	56.8396502887113
ENSG00000088854	56.3954980138568	-25.1977490069284	3	64.3954980138568
ENSG00000178425	39.6804352428017	-16.8402176214009	3	47.6804352428017
ENSG00000184560	-41.0541640328198	23.5270820164099	3	-33.0541640328198
ENSG00000163820	45.8843932255715	-19.9421966127858	3	53.8843932255715
ENSG00000168301	52.0983722843359	-23.049186142168	3	60.0983722843359
ENSG00000168303	50.1684471187633	-22.0842235593816	3	58.1684471187633
ENSG00000144567	51.1131234056832	-22.5565617028416	3	59.1131234056832
ENSG00000168309	65.0067173810148	-29.5033586905074	3	73.0067173810148
ENSG00000137509	57.7581850904862	-25.8790925452431	3	65.7581850904863
ENSG00000188611	27.5335676207665	-10.7667838103833	3	35.5335676207665
ENSG00000063761	18.5766672857182	-6.28833364285911	3	26.5766672857182
ENSG00000091317	80.0996281802078	-37.0498140901039	3	88.0996281802078
ENSG00000099338	16.2294905538075	-5.11474527690375	3	24.2294905538075
ENSG00000106868	32.1947085267964	-13.0973542633982	3	40.1947085267964
ENSG00000102524	30.0538152016387	-12.0269076008194	3	38.0538152016387
ENSG00000086827	40.5653625476198	-17.2826812738099	3	48.5653625476198
ENSG00000204713	43.3540772922697	-18.6770386461349	3	51.3540772922697
ENSG00000143499	48.5291048960174	-21.2645524480087	3	56.5291048960174
ENSG00000100422	56.0872174879363	-25.0436087439682	3	64.0872174879363
ENSG00000119771	32.9946861530828	-13.4973430765414	3	40.9946861530828
ENSG00000171150	39.0880442987964	-16.5440221493982	3	47.0880442987964
ENSG00000155621	49.5892675819533	-21.7946337909766	3	57.5892675819533
ENSG00000119777	37.2685313307884	-15.6342656653942	3	45.2685313307884
ENSG00000153130	72.4870343493348	-33.2435171746674	3	80.4870343493348
ENSG00000071462	56.2848677211888	-25.1424338605944	3	64.2848677211888
ENSG00000135929	59.3789732685485	-26.6894866342742	3	67.3789732685485
ENSG00000135926	75.085864454719	-34.5429322273595	3	83.085864454719
ENSG00000135924	49.7023239706877	-21.8511619853438	3	57.7023239706877
ENSG00000135925	-26.1761689337058	16.0880844668529	3	-18.1761689337058
ENSG00000198218	48.9409325995892	-21.4704662997946	3	56.9409325995892
ENSG00000108932	10.6412007501538	-2.32060037507692	3	18.6412007501538
ENSG00000056291	12.4097086098597	-3.20485430492984	3	20.4097086098597
ENSG00000129559	111.867088368043	-52.9335441840216	3	119.867088368043
ENSG00000165655	41.6376106192928	-17.8188053096464	3	49.6376106192928
ENSG00000035720	40.3172911518343	-17.1586455759171	3	48.3172911518343
ENSG00000119487	53.7958172565892	-23.8979086282946	3	61.7958172565892
ENSG00000123999	7.93160652467682	-0.965803262338409	3	15.9316065246768
ENSG00000277586	2.7469378663075	1.62653106684625	3	10.7469378663075
ENSG00000144061	31.4598819608161	-12.7299409804081	3	39.4598819608161
ENSG00000127743	38.820088997942	-16.410044498971	3	46.820088997942
ENSG00000172137	65.1081711405272	-29.5540855702636	3	73.1081711405272
ENSG00000187037	17.6325953494673	-5.81629767473366	3	25.6325953494673
ENSG00000172139	1.40105318321916	2.29947340839042	3	9.40105318321917
ENSG00000122711	18.3191491653901	-6.15957458269506	3	26.3191491653901
ENSG00000136783	57.7677664558128	-25.8838832279064	3	65.7677664558128
ENSG00000173517	54.8474456382973	-24.4237228191487	3	62.8474456382973
ENSG00000147955	36.3762730175562	-15.1881365087781	3	44.3762730175562
ENSG00000186517	26.6252514544174	-10.3126257272087	3	34.6252514544174
ENSG00000117399	18.6484751197313	-6.32423755986564	3	26.6484751197313
ENSG00000143819	85.8789995711162	-39.9394997855581	3	93.8789995711162
ENSG00000126767	23.9393856267289	-8.96969281336443	3	31.9393856267289
ENSG00000127129	-8.89269649995554	7.44634824997777	3	-0.892696499955544
ENSG00000214376	24.8156442500116	-9.40782212500578	3	32.8156442500116
ENSG00000127125	56.0082771717458	-25.0041385858729	3	64.0082771717458
ENSG00000127124	24.6123119427028	-9.3061559713514	3	32.6123119427028
ENSG00000120896	53.2389089174745	-23.6194544587372	3	61.2389089174745
ENSG00000112701	63.9654752097825	-28.9827376048913	3	71.9654752097825
ENSG00000112706	-6.87630273929213	6.43815136964606	3	1.12369726070787
ENSG00000119950	57.9322661794599	-25.96613308973	3	65.9322661794599
ENSG00000119953	66.5703306020227	-30.2851653010114	3	74.5703306020227
ENSG00000090263	85.215030883097	-39.6075154415485	3	93.215030883097
ENSG00000183640	11.0119502470982	-2.50597512354909	3	19.0119502470982
ENSG00000170891	47.7851645338986	-20.8925822669493	3	55.7851645338986
ENSG00000170890	19.2451720340123	-6.62258601700613	3	27.2451720340123
ENSG00000170893	13.8538563914082	-3.92692819570409	3	21.8538563914082
ENSG00000148156	-3.54410496018152	4.77205248009076	3	4.45589503981848
ENSG00000148154	53.5909980868782	-23.7954990434391	3	61.5909980868782
ENSG00000148153	73.736806625912	-33.868403312956	3	81.736806625912
ENSG00000116288	76.3830283067094	-35.1915141533547	3	84.3830283067094
ENSG00000076650	29.1469732711449	-11.5734866355724	3	37.1469732711449
ENSG00000087884	87.5109677186516	-40.7554838593258	3	95.5109677186516
ENSG00000104164	62.1087129861653	-28.0543564930826	3	70.1087129861653
ENSG00000128602	35.1933805474064	-14.5966902737032	3	43.1933805474064
ENSG00000116285	53.2961381284289	-23.6480690642145	3	61.2961381284289
ENSG00000128607	42.9785797056901	-18.4892898528451	3	50.9785797056901
ENSG00000128606	47.8078752036936	-20.9039376018468	3	55.8078752036936
ENSG00000276234	35.8745776363803	-14.9372888181901	3	43.8745776363803
ENSG00000001631	49.3102801579545	-21.6551400789772	3	57.3102801579545
ENSG00000139546	50.0650517768161	-22.0325258884081	3	58.0650517768161
ENSG00000276231	11.7653645053563	-2.88268225267815	3	19.7653645053563
ENSG00000139874	-4.98111912276034	5.49055956138017	3	3.01888087723966
ENSG00000011600	92.7951930305057	-43.3975965152529	3	100.795193030506
ENSG00000006062	28.4803149354664	-11.2401574677332	3	36.4803149354664
ENSG00000170099	-12.1339324330625	9.06696621653123	3	-4.13393243306246
ENSG00000196975	75.4944697209347	-34.7472348604674	3	83.4944697209347
ENSG00000158941	50.8386424176469	-22.4193212088235	3	58.8386424176469
ENSG00000158411	49.3587016792494	-21.6793508396247	3	57.3587016792494
ENSG00000137434	34.5696604393795	-14.2848302196897	3	42.5696604393795
ENSG00000164219	50.7273599290738	-22.3636799645369	3	58.7273599290738
ENSG00000213066	32.7608752716023	-13.3804376358011	3	40.7608752716023
ENSG00000213064	62.8357862156962	-28.4178931078481	3	70.8357862156962
ENSG00000164744	22.1821090402792	-8.09105452013962	3	30.1821090402792
ENSG00000164746	34.4502641075583	-14.2251320537792	3	42.4502641075583
ENSG00000164211	61.6838109338018	-27.8419054669009	3	69.6838109338018
ENSG00000104299	26.6633537198053	-10.3316768599027	3	34.6633537198053
ENSG00000168944	50.0125486424253	-22.0062743212127	3	58.0125486424253
ENSG00000155066	13.0863529657535	-3.54317648287673	3	21.0863529657535
ENSG00000058091	56.8411875330511	-25.4205937665255	3	64.8411875330511
ENSG00000100263	36.805137503214	-15.402568751607	3	44.805137503214
ENSG00000001497	55.7880048532484	-24.8940024266242	3	63.7880048532484
ENSG00000168079	68.3827757699752	-31.1913878849876	3	76.3827757699752
ENSG00000130783	45.7732645330536	-19.8866322665268	3	53.7732645330536
ENSG00000122574	16.8621733676566	-5.43108668382831	3	24.8621733676566
ENSG00000088682	52.9123624887261	-23.4561812443631	3	60.9123624887261
ENSG00000126653	52.5631121750881	-23.281556087544	3	60.5631121750881
ENSG00000170271	65.7336628849957	-29.8668314424978	3	73.7336628849957
ENSG00000170270	75.7429614856525	-34.8714807428262	3	83.7429614856525
ENSG00000174206	26.3882613040745	-10.1941306520373	3	34.3882613040745
ENSG00000204952	-0.614354734106812	3.30717736705341	3	7.38564526589319
ENSG00000232112	108.310044714883	-51.1550223574417	3	116.310044714883
ENSG00000204950	5.64568012864392	0.177159935678038	3	13.6456801286439
ENSG00000170276	45.8906470068594	-19.9453235034297	3	53.8906470068594
ENSG00000143409	42.7206587401129	-18.3603293700565	3	50.7206587401129
ENSG00000072080	47.0557846495367	-20.5278923247684	3	55.0557846495367
ENSG00000134200	-0.531794034504021	3.26589701725201	3	7.46820596549598
ENSG00000112964	88.5227039985152	-41.2613519992576	3	96.5227039985152
ENSG00000086598	82.5752818120059	-38.2876409060029	3	90.5752818120059
ENSG00000182512	60.2751406861679	-27.137570343084	3	68.2751406861679
ENSG00000116771	27.3555096252086	-10.6777548126043	3	35.3555096252086
ENSG00000106299	48.3260752663309	-21.1630376331654	3	56.3260752663309
ENSG00000203908	25.1386684400093	-9.56933422000466	3	33.1386684400093
ENSG00000017483	34.3927965516031	-14.1963982758016	3	42.3927965516031
ENSG00000106290	33.3238968842673	-13.6619484421336	3	41.3238968842673
ENSG00000203907	19.2710897404354	-6.6355448702177	3	27.2710897404354
ENSG00000026103	38.1468396464858	-16.0734198232429	3	46.1468396464858
ENSG00000269335	31.31575408828	-12.65787704414	3	39.31575408828
ENSG00000104835	26.3529526665676	-10.1764763332838	3	34.3529526665676
ENSG00000100842	35.4303811988267	-14.7151905994133	3	43.4303811988267
ENSG00000151366	97.2184067482482	-45.6092033741241	3	105.218406748248
ENSG00000170293	37.8492170343337	-15.9246085171668	3	45.8492170343337
ENSG00000103460	-7.38583934192292	6.69291967096146	3	0.614160658077084
ENSG00000151365	118.151451325898	-56.0757256629488	3	126.151451325898
ENSG00000151360	-6.6816614267474	6.3408307133737	3	1.3183385732526
ENSG00000106477	67.7795286661305	-30.8897643330652	3	75.7795286661305
ENSG00000177511	-23.8730220834009	14.9365110417005	3	-15.8730220834009
ENSG00000102738	55.3235762001699	-24.6617881000849	3	63.3235762001699
ENSG00000014919	36.1795395225996	-15.0897697612998	3	44.1795395225996
ENSG00000198171	48.4101334278406	-21.2050667139203	3	56.4101334278406
ENSG00000106479	17.3982014877078	-5.69910074385391	3	25.3982014877078
ENSG00000171055	45.1146281134425	-19.5573140567213	3	53.1146281134425
ENSG00000013725	15.3198751162253	-4.65993755811266	3	23.3198751162253
ENSG00000126461	70.6128450231677	-32.3064225115838	3	78.6128450231677
ENSG00000139200	-18.8232564824109	12.4116282412054	3	-10.8232564824109
ENSG00000147324	41.4790751403276	-17.7395375701638	3	49.4790751403276
ENSG00000142207	23.3306616204582	-8.66533081022909	3	31.3306616204582
ENSG00000135002	58.291631038438	-26.145815519219	3	66.291631038438
ENSG00000103319	51.2079256829543	-22.6039628414772	3	59.2079256829543
ENSG00000140534	3.6204099668897	1.18979501655515	3	11.6204099668897
ENSG00000160445	28.4516085157592	-11.2258042578796	3	36.4516085157591
ENSG00000163145	44.67857856373	-19.339289281865	3	52.67857856373
ENSG00000163141	22.2960490299156	-8.14802451495781	3	30.2960490299156
ENSG00000189067	62.8315343109192	-28.4157671554596	3	70.8315343109192
ENSG00000065154	60.3834660209004	-27.1917330104502	3	68.3834660209004
ENSG00000109072	37.8160891966007	-15.9080445983004	3	45.8160891966007
ENSG00000180611	16.7056182483771	-5.35280912418855	3	24.7056182483771
ENSG00000180613	-1.70591490560596	3.85295745280298	3	6.29408509439404
ENSG00000180616	13.1193112369739	-3.55965561848696	3	21.1193112369739
ENSG00000166845	39.0527264139273	-16.5263632069637	3	47.0527264139273
ENSG00000162813	51.8482476784674	-22.9241238392337	3	59.8482476784674
ENSG00000166847	59.4953888509478	-26.7476944254739	3	67.4953888509478
ENSG00000162817	70.2445429775805	-32.1222714887902	3	78.2445429775805
ENSG00000162814	29.5301123850092	-11.7650561925046	3	37.5301123850092
ENSG00000162819	59.9592933933575	-26.9796466966787	3	67.9592933933575
ENSG00000114062	50.5411095054092	-22.2705547527046	3	58.5411095054092
ENSG00000166848	45.8590917825982	-19.9295458912991	3	53.8590917825982
ENSG00000260230	53.2356614552323	-23.6178307276162	3	61.2356614552323
ENSG00000088992	24.6218840263273	-9.31094201316365	3	32.6218840263273
ENSG00000163362	9.56092071310595	-1.78046035655297	3	17.5609207131059
ENSG00000163492	30.1448839242281	-12.0724419621141	3	38.1448839242281
ENSG00000168447	42.3812447881869	-18.1906223940935	3	50.3812447881869
ENSG00000163499	-1.18427732147837	3.59213866073918	3	6.81572267852163
ENSG00000087157	39.9992886923584	-16.9996443461792	3	47.9992886923584
ENSG00000179271	59.4763895876872	-26.7381947938436	3	67.4763895876872
ENSG00000151962	31.5549963952819	-12.7774981976409	3	39.5549963952819
ENSG00000114395	40.2973780518581	-17.1486890259291	3	48.2973780518581
ENSG00000176208	14.1360440908103	-4.06802204540517	3	22.1360440908103
ENSG00000176209	78.3566448318903	-36.1783224159452	3	86.3566448318903
ENSG00000146054	39.1339488509413	-16.5669744254707	3	47.1339488509413
ENSG00000132254	44.9896086878454	-19.4948043439227	3	52.9896086878454
ENSG00000132522	49.2292114344551	-21.6146057172276	3	57.2292114344551
ENSG00000052749	27.1350259787995	-10.5675129893997	3	35.1350259787995
ENSG00000181690	9.76798868259699	-1.88399434129849	3	17.767988682597
ENSG00000141582	36.4672647330021	-15.2336323665011	3	44.4672647330021
ENSG00000138311	35.6516032685109	-14.8258016342555	3	43.6516032685109
ENSG00000138640	67.8023849995584	-30.9011924997792	3	75.8023849995584
ENSG00000138315	23.0879736422962	-8.5439868211481	3	31.0879736422962
ENSG00000105173	10.0061231300022	-2.00306156500108	3	18.0061231300022
ENSG00000105171	56.2017375086403	-25.1008687543201	3	64.2017375086403
ENSG00000105176	54.4671359708463	-24.2335679854232	3	62.4671359708463
ENSG00000213889	5.9645035717202	0.0177482141398988	3	13.9645035717202
ENSG00000144560	46.5644272108761	-20.2822136054381	3	54.5644272108761
ENSG00000188916	17.2037323191286	-5.60186615956428	3	25.2037323191286
ENSG00000168259	62.6490269065967	-28.3245134532984	3	70.6490269065967
ENSG00000066185	15.7677610775606	-4.88388053878031	3	23.7677610775606
ENSG00000166510	58.0981135233836	-26.0490567616918	3	66.0981135233836
ENSG00000182359	25.9920692979133	-9.99603464895666	3	33.9920692979133
ENSG00000157036	38.0391673041575	-16.0195836520787	3	46.0391673041575
ENSG00000157741	31.2575363981526	-12.6287681990763	3	39.2575363981526
ENSG00000186513	-20.4158482075309	13.2079241037654	3	-12.4158482075309
ENSG00000073737	52.469036379163	-23.2345181895815	3	60.469036379163
ENSG00000146278	73.75886610212	-33.87943305106	3	81.75886610212
ENSG00000197641	-3.80082681290795	4.90041340645397	3	4.19917318709205
ENSG00000066455	56.1225487544237	-25.0612743772118	3	64.1225487544237
ENSG00000249115	42.6510604199067	-18.3255302099533	3	50.6510604199067
ENSG00000066322	60.3001830424821	-27.150091521241	3	68.3001830424821
ENSG00000172367	15.1603231091575	-4.58016155457873	3	23.1603231091575
ENSG00000162366	45.4078803310749	-19.7039401655374	3	53.4078803310749
ENSG00000162367	28.3144099371165	-11.1572049685583	3	36.3144099371165
ENSG00000162368	63.462477956494	-28.731238978247	3	71.462477956494
ENSG00000114933	33.3652027327926	-13.6826013663963	3	41.3652027327926
ENSG00000088053	0.875056338721445	2.56247183063928	3	8.87505633872145
ENSG00000221988	41.5780358110442	-17.7890179055221	3	49.5780358110442
ENSG00000204104	36.9095662048908	-15.4547831024454	3	44.9095662048908
ENSG00000221986	30.5443047638145	-12.2721523819072	3	38.5443047638145
ENSG00000204103	56.2014575390933	-25.1007287695466	3	64.2014575390933
ENSG00000119547	-15.9569518394032	10.9784759197016	3	-7.95695183940317
ENSG00000119013	90.6399245011654	-42.3199622505827	3	98.6399245011654
ENSG00000129009	57.7557124915964	-25.8778562457982	3	65.7557124915964
ENSG00000112576	51.0514913241972	-22.5257456620986	3	59.0514913241972
ENSG00000112578	33.5267479046194	-13.7633739523097	3	41.5267479046194
ENSG00000173988	19.5657195806953	-6.78285979034766	3	27.5657195806953
ENSG00000139990	40.6329997084378	-17.3164998542189	3	48.6329997084378
ENSG00000101892	17.6682083787937	-5.83410418939685	3	25.6682083787937
ENSG00000130413	12.9829702833364	-3.49148514166821	3	20.9829702833364
ENSG00000158773	53.3038736044545	-23.6519368022272	3	61.3038736044545
ENSG00000101413	42.7642319987066	-18.3821159993533	3	50.7642319987066
ENSG00000154217	72.428958022203	-33.2144790111015	3	80.428958022203
ENSG00000137845	48.1176141230105	-21.0588070615053	3	56.1176141230105
ENSG00000137331	60.5952267479642	-27.2976133739821	3	68.5952267479642
ENSG00000137842	28.0121169855193	-11.0060584927596	3	36.0121169855193
ENSG00000148090	60.0559921141934	-27.0279960570967	3	68.0559921141934
ENSG00000141052	0.131704197671475	2.93414790116426	3	8.13170419767147
ENSG00000005059	52.6808829249942	-23.3404414624971	3	60.6808829249942
ENSG00000104626	46.5848072396374	-20.2924036198187	3	54.5848072396374
ENSG00000139193	31.1540118346908	-12.5770059173454	3	39.1540118346908
ENSG00000139192	44.1475402166161	-19.073770108308	3	52.1475402166161
ENSG00000130640	45.7271335967713	-19.8635667983857	3	53.7271335967713
ENSG00000163633	28.6786074391717	-11.3393037195858	3	36.6786074391717
ENSG00000130643	8.69162025811955	-1.34581012905977	3	16.6916202581195
ENSG00000122966	3.0856748069156	1.4571625965422	3	11.0856748069156
ENSG00000122965	34.9819632790906	-14.4909816395453	3	42.9819632790906
ENSG00000099999	28.0750416814665	-11.0375208407332	3	36.0750416814665
ENSG00000103811	72.6016959005389	-33.3008479502694	3	80.6016959005389
ENSG00000099995	54.7078059968278	-24.3539029984139	3	62.7078059968278
ENSG00000099991	37.0941366945182	-15.5470683472591	3	45.0941366945182
ENSG00000125903	-14.8184595924322	10.4092297962161	3	-6.81845959243219
ENSG00000129007	51.8971206430701	-22.9485603215351	3	59.8971206430701
ENSG00000154079	69.1052535808809	-31.5526267904404	3	77.1052535808809
ENSG00000185515	45.714712726583	-19.8573563632915	3	53.714712726583
ENSG00000185519	14.2900333643436	-4.14501668217179	3	22.2900333643436
ENSG00000145779	71.235944846603	-32.6179724233015	3	79.235944846603
ENSG00000205279	40.0961753578576	-17.0480876789288	3	48.0961753578576
ENSG00000181982	39.6969608536761	-16.8484804268381	3	47.6969608536761
ENSG00000148143	36.0607707556758	-15.0303853778379	3	44.0607707556758
ENSG00000234602	-6.98397872897832	6.49198936448916	3	1.01602127102168
ENSG00000120526	36.9321634930941	-15.466081746547	3	44.9321634930941
ENSG00000128617	-5.71615530129931	5.85807765064965	3	2.28384469870069
ENSG00000197728	126.361114499458	-60.180557249729	3	134.361114499458
ENSG00000179476	36.1184318464003	-15.0592159232001	3	44.1184318464003
ENSG00000171747	17.1991670672242	-5.59958353361209	3	25.1991670672242
ENSG00000113119	36.9010525389373	-15.4505262694687	3	44.9010525389373
ENSG00000160323	-5.37785849168998	5.68892924584499	3	2.62214150831002
ENSG00000224586	70.5694916633402	-32.2847458316701	3	78.5694916633402
ENSG00000160325	49.1032125634574	-21.5516062817287	3	57.1032125634574
ENSG00000144741	43.1927134972697	-18.5963567486349	3	51.1927134972697
ENSG00000086696	-3.55012644457792	4.77506322228896	3	4.44987355542208
ENSG00000104112	25.7743329144571	-9.88716645722855	3	33.7743329144571
ENSG00000161981	71.7585736959183	-32.8792868479592	3	79.7585736959183
ENSG00000161980	76.3084009312526	-35.1542004656263	3	84.3084009312526
ENSG00000087076	56.6769543457972	-25.3384771728986	3	64.6769543457972
ENSG00000087074	50.33847882722	-22.16923941361	3	58.33847882722
ENSG00000107829	38.1179801938617	-16.0589900969309	3	46.1179801938617
ENSG00000075239	84.9973020917173	-39.4986510458587	3	92.9973020917173
ENSG00000107821	26.9317271488645	-10.4658635744323	3	34.9317271488645
ENSG00000164008	52.9138202318262	-23.4569101159131	3	60.9138202318262
ENSG00000164007	7.08525218271813	-0.542626091359066	3	15.0852521827181
ENSG00000178075	38.6510865102777	-16.3255432551388	3	46.6510865102777
ENSG00000153933	31.7068704264545	-12.8534352132272	3	39.7068704264545
ENSG00000150779	90.5488330774762	-42.2744165387381	3	98.5488330774762
ENSG00000198765	26.0460961140445	-10.0230480570223	3	34.0460961140445
ENSG00000100109	37.386047635998	-15.693023817999	3	45.386047635998
ENSG00000155304	45.4704683736434	-19.7352341868217	3	53.4704683736434
ENSG00000100105	25.5220969374201	-9.76104846871003	3	33.5220969374201
ENSG00000100106	49.8700093847825	-21.9350046923912	3	57.8700093847825
ENSG00000155307	46.9233831337233	-20.4616915668617	3	54.9233831337233
ENSG00000100100	46.9966925441343	-20.4983462720671	3	54.9966925441343
ENSG00000176774	-20.9817639591784	13.4908819795892	3	-12.9817639591784
ENSG00000182985	48.6278361520425	-21.3139180760212	3	56.6278361520425
ENSG00000023892	25.3461461698541	-9.67307308492706	3	33.3461461698541
ENSG00000123496	45.681144718159	-19.8405723590795	3	53.681144718159
ENSG00000101417	35.0345384752042	-14.5172692376021	3	43.0345384752042
ENSG00000176055	26.3082941858914	-10.1541470929457	3	34.3082941858914
ENSG00000022567	23.0733283826748	-8.5366641913374	3	31.0733283826748
ENSG00000152683	35.5921686314456	-14.7960843157228	3	43.5921686314456
ENSG00000233932	12.6066980597609	-3.30334902988045	3	20.6066980597609
ENSG00000176771	44.6810037915083	-19.3405018957542	3	52.6810037915083
ENSG00000137337	32.8599266552405	-13.4299633276203	3	40.8599266552405
ENSG00000160588	28.3463137807231	-11.1731568903615	3	36.3463137807231
ENSG00000134548	75.5422384118944	-34.7711192059472	3	83.5422384118944
ENSG00000181061	81.8040577687902	-37.9020288843951	3	89.8040577687902
ENSG00000134014	43.182533032199	-18.5912665160995	3	51.182533032199
ENSG00000198546	46.6056444145022	-20.3028222072511	3	54.6056444145022
ENSG00000168143	19.4481940232865	-6.72409701164324	3	27.4481940232865
ENSG00000134545	28.4350084718337	-11.2175042359168	3	36.4350084718337
ENSG00000143612	61.8637337304956	-27.9318668652478	3	69.8637337304956
ENSG00000167671	64.8437253715746	-29.4218626857873	3	72.8437253715746
ENSG00000111843	87.2290887324727	-40.6145443662364	3	95.2290887324727
ENSG00000111846	24.8489492100873	-9.42447460504366	3	32.8489492100873
ENSG00000111845	31.2697004013601	-12.63485020068	3	39.2697004013601
ENSG00000064419	49.0065191385094	-21.5032595692547	3	57.0065191385094
ENSG00000166987	23.9188251137448	-8.95941255687238	3	31.9188251137448
ENSG00000068912	61.5985046186231	-27.7992523093116	3	69.5985046186231
ENSG00000169635	26.1297458513634	-10.0648729256817	3	34.1297458513634
ENSG00000088833	53.6781317884753	-23.8390658942377	3	61.6781317884753
ENSG00000088836	14.9820477895768	-4.49102389478842	3	22.9820477895768
ENSG00000136942	116.235278050582	-55.117639025291	3	124.235278050582
ENSG00000106086	39.0675018881427	-16.5337509440713	3	47.0675018881427
ENSG00000188010	51.7061385056692	-22.8530692528346	3	59.7061385056692
ENSG00000163808	14.382888536314	-4.191444268157	3	22.382888536314
ENSG00000168329	21.6099143050632	-7.80495715253161	3	29.6099143050632
ENSG00000163803	9.45706350627766	-1.72853175313883	3	17.4570635062777
ENSG00000167580	14.6362385913485	-4.31811929567427	3	22.6362385913485
ENSG00000153485	51.9878438603158	-22.9939219301579	3	59.9878438603158
ENSG00000163807	67.290873039862	-30.645436519931	3	75.290873039862
ENSG00000153487	41.5323409157929	-17.7661704578964	3	49.5323409157929
ENSG00000181778	34.079565641221	-14.0397828206105	3	42.079565641221
ENSG00000170430	42.5522756672261	-18.2761378336131	3	50.5522756672261
ENSG00000105419	25.5647550217265	-9.78237751086323	3	33.5647550217265
ENSG00000108622	65.877438210253	-29.9387191051265	3	73.877438210253
ENSG00000139767	-6.40043469693723	6.20021734846862	3	1.59956530306277
ENSG00000120709	33.3514089849525	-13.6757044924762	3	41.3514089849525
ENSG00000147642	40.2362374716386	-17.1181187358193	3	48.2362374716386
ENSG00000119718	42.5821908423387	-18.2910954211694	3	50.5821908423387
ENSG00000119711	64.9073596391173	-29.4536798195587	3	72.9073596391173
ENSG00000216937	37.3260795368565	-15.6630397684283	3	45.3260795368565
ENSG00000111269	77.5552437611636	-35.7776218805818	3	85.5552437611636
ENSG00000111261	37.735985978644	-15.867992989322	3	45.735985978644
ENSG00000031081	51.440512900146	-22.720256450073	3	59.440512900146
ENSG00000228727	24.8026802786669	-9.40134013933344	3	32.8026802786669
ENSG00000139437	25.6700976638636	-9.83504883193182	3	33.6700976638636
ENSG00000135940	95.9853834765233	-44.9926917382616	3	103.985383476523
ENSG00000002330	78.6088565855826	-36.3044282927913	3	86.6088565855826
ENSG00000162734	83.2609315276154	-38.6304657638077	3	91.2609315276154
ENSG00000135945	48.4267777961275	-21.2133888980637	3	56.4267777961275
ENSG00000135763	23.0546606389572	-8.52733031947858	3	31.0546606389572
ENSG00000108950	33.3482759951381	-13.674137997569	3	41.3482759951381
ENSG00000165633	53.1885661408232	-23.5942830704116	3	61.1885661408232
ENSG00000165632	70.7098970325185	-32.3549485162593	3	78.7098970325185
ENSG00000151881	25.9110181776517	-9.95550908882584	3	33.9110181776517
ENSG00000165630	55.6593096753032	-24.8296548376516	3	63.6593096753032
ENSG00000165637	83.5555806764658	-38.7777903382329	3	91.5555806764658
ENSG00000165983	40.5347753519933	-17.2673876759967	3	48.5347753519933
ENSG00000167858	18.2608768518569	-6.13043842592843	3	26.2608768518569
ENSG00000177098	28.868812063341	-11.4344060316705	3	36.868812063341
ENSG00000153037	66.3715129731386	-30.1857564865693	3	74.3715129731386
ENSG00000133597	18.4423458451309	-6.22117292256543	3	26.4423458451309
ENSG00000180008	45.6967995302658	-19.8483997651329	3	53.6967995302658
ENSG00000109684	20.4262874028033	-7.21314370140163	3	28.4262874028033
ENSG00000109686	60.5316413578808	-27.2658206789404	3	68.5316413578807
ENSG00000127720	36.9937179659596	-15.4968589829798	3	44.9937179659596
ENSG00000109680	30.8306093541333	-12.4153046770666	3	38.8306093541333
ENSG00000172113	43.1339709923748	-18.5669854961874	3	51.1339709923748
ENSG00000187054	-10.9731306787285	8.48656533936427	3	-2.97313067872855
ENSG00000162174	53.7289536991829	-23.8644768495915	3	61.7289536991829
ENSG00000166183	-5.73370793903127	5.86685396951563	3	2.26629206096873
ENSG00000165185	25.8833600882123	-9.94168004410615	3	33.8833600882123
ENSG00000165181	18.9702116419788	-6.48510582098938	3	26.9702116419788
ENSG00000185742	0.0478447739321801	2.97607761303391	3	8.04784477393218
ENSG00000101082	6.43398983908099	-0.216994919540496	3	14.433989839081
ENSG00000171522	33.7877516536683	-13.8938758268342	3	41.7877516536683
ENSG00000148399	34.890676995514	-14.445338497757	3	42.890676995514
ENSG00000214357	26.7328459364501	-10.366422968225	3	34.7328459364501
ENSG00000148396	40.5994296883755	-17.2997148441877	3	48.5994296883755
ENSG00000165355	38.3631313087401	-16.1815656543701	3	46.3631313087401
ENSG00000109536	51.5223004131204	-22.7611502065602	3	59.5223004131204
ENSG00000109534	29.9981695513265	-11.9990847756632	3	37.9981695513265
ENSG00000205464	28.6595115438522	-11.3297557719261	3	36.6595115438522
ENSG00000112761	67.1865148959062	-30.5932574479531	3	75.1865148959062
ENSG00000120370	36.1017621097172	-15.0508810548586	3	44.1017621097172
ENSG00000118004	19.8104216640026	-6.90521083200132	3	27.8104216640026
ENSG00000163428	64.3273087113156	-29.1636543556578	3	72.3273087113156
ENSG00000168264	55.8118779471964	-24.9059389735982	3	63.8118779471964
ENSG00000040633	44.6129507998711	-19.3064753999355	3	52.6129507998711
ENSG00000080031	-15.599115231611	10.7995576158055	3	-7.59911523161097
ENSG00000133640	-4.0083768300293	5.00418841501465	3	3.9916231699707
ENSG00000101670	22.5362327249025	-8.26811636245124	3	30.5362327249025
ENSG00000138459	47.4030322098025	-20.7015161049012	3	55.4030322098025
ENSG00000167965	28.3869688475789	-11.1934844237895	3	36.3869688475789
ENSG00000183324	11.1962941397181	-2.59814706985907	3	19.1962941397181
ENSG00000104691	51.5863625030368	-22.7931812515184	3	59.5863625030368
ENSG00000222046	22.9476851032313	-8.47384255161566	3	30.9476851032313
ENSG00000148175	90.7385259997524	-42.3692629998762	3	98.7385259997524
ENSG00000164587	118.866231007358	-56.4331155036792	3	126.866231007358
ENSG00000144736	35.2344946235951	-14.6172473117975	3	43.2344946235951
ENSG00000130813	37.804746811156	-15.902373405578	3	45.804746811156
ENSG00000126091	33.408194460008	-13.704097230004	3	41.408194460008
ENSG00000010282	9.97162077825253	-1.98581038912626	3	17.9716207782525
ENSG00000158435	36.1297105883667	-15.0648552941833	3	44.1297105883667
ENSG00000196917	52.3591712378686	-23.1795856189343	3	60.3591712378686
ENSG00000181847	19.7447859116977	-6.87239295584887	3	27.7447859116977
ENSG00000164764	28.4829884043562	-11.2414942021781	3	36.4829884043562
ENSG00000179958	37.9781049328601	-15.9890524664301	3	45.9781049328601
ENSG00000184831	48.7087539542145	-21.3543769771073	3	56.7087539542145
ENSG00000164761	42.2283260774904	-18.1141630387452	3	50.2283260774904
ENSG00000184838	37.9189906821626	-15.9594953410813	3	45.9189906821626
ENSG00000112182	11.2554417689191	-2.62772088445957	3	19.2554417689191
ENSG00000175931	28.1189596828936	-11.0594798414468	3	36.1189596828936
ENSG00000197532	-7.44804147540802	6.72402073770401	3	0.551958524591976
ENSG00000120738	65.3535563739218	-29.6767781869609	3	73.3535563739218
ENSG00000011485	49.4133314974423	-21.7066657487211	3	57.4133314974423
ENSG00000109775	45.775936567393	-19.8879682836965	3	53.775936567393
ENSG00000174226	-2.45389637325606	4.22694818662803	3	5.54610362674394
ENSG00000196639	41.6429934699487	-17.8214967349744	3	49.6429934699487
ENSG00000110721	42.3071993906883	-18.1535996953442	3	50.3071993906883
ENSG00000170214	16.0279378296248	-5.01396891481241	3	24.0279378296248
ENSG00000086200	51.8671395701022	-22.9335697850511	3	59.8671395701022
ENSG00000116406	42.9469142996038	-18.4734571498019	3	50.9469142996038
ENSG00000143420	82.7681293163787	-38.3840646581894	3	90.7681293163787
ENSG00000112984	20.5201416647007	-7.26007083235035	3	28.5201416647007
ENSG00000112983	45.4148352791973	-19.7074176395986	3	53.4148352791973
ENSG00000097046	33.7148483019732	-13.8574241509866	3	41.7148483019732
ENSG00000182575	23.9735632148849	-8.98678160744243	3	31.9735632148849
ENSG00000005421	49.3055645679763	-21.6527822839881	3	57.3055645679763
ENSG00000145113	58.8094433097647	-26.4047216548823	3	66.8094433097647
ENSG00000151164	26.1415275964245	-10.0707637982122	3	34.1415275964245
ENSG00000107104	55.2610978037069	-24.6305489018534	3	63.2610978037069
ENSG00000042493	53.7356803350472	-23.8678401675236	3	61.7356803350472
ENSG00000178741	104.889648101343	-49.4448240506716	3	112.889648101343
ENSG00000110851	30.5614848801091	-12.2807424400546	3	38.5614848801091
ENSG00000086062	42.6236407006141	-18.311820350307	3	50.6236407006141
ENSG00000269313	30.4576898370959	-12.2288449185479	3	38.4576898370959
ENSG00000104814	26.2368265170546	-10.1184132585273	3	34.2368265170546
ENSG00000144355	-24.9119240061082	15.4559620030541	3	-16.9119240061082
ENSG00000179598	31.1777064162921	-12.5888532081461	3	39.1777064162921
ENSG00000113583	58.512923195333	-26.2564615976665	3	66.512923195333
ENSG00000129219	32.5250493866424	-13.2625246933212	3	40.5250493866424
ENSG00000151304	47.8719623548781	-20.9359811774391	3	55.8719623548781
ENSG00000176915	40.6988246664546	-17.3494123332273	3	48.6988246664546
ENSG00000283297	-24.5235175871722	15.2617587935861	3	-16.5235175871722
ENSG00000129214	43.51413555938	-18.75706777969	3	51.51413555938
ENSG00000134954	54.034252447466	-24.017126223733	3	62.034252447466
ENSG00000198157	27.9290216483789	-10.9645108241894	3	35.9290216483789
ENSG00000106415	38.646617492609	-16.3233087463045	3	46.646617492609
ENSG00000134480	62.9993180280663	-28.4996590140331	3	70.9993180280663
ENSG00000134489	0.282466691045026	2.85876665447749	3	8.28246669104503
ENSG00000175063	35.2731595485635	-14.6365797742818	3	43.2731595485635
ENSG00000171033	81.1336073785212	-37.5668036892606	3	89.1336073785212
ENSG00000111450	65.5355104507756	-29.7677552253878	3	73.5355104507756
ENSG00000175066	50.0276873140663	-22.0138436570331	3	58.0276873140663
ENSG00000111452	35.0930395405292	-14.5465197702646	3	43.0930395405292
ENSG00000009307	88.5081547354806	-41.2540773677403	3	96.5081547354806
ENSG00000161847	32.3601553239285	-13.1800776619642	3	40.3601553239285
ENSG00000187871	-13.1706680844353	9.58533404221763	3	-5.17066808443526
ENSG00000135577	16.0203256176291	-5.01016280881457	3	24.0203256176291
ENSG00000131055	45.0445813469992	-19.5222906734996	3	53.0445813469992
ENSG00000131059	-15.4123399570401	10.70616997852	3	-7.41233995704007
ENSG00000113638	55.9770313784621	-24.988515689231	3	63.9770313784621
ENSG00000169403	31.6516778718326	-12.8258389359163	3	39.6516778718326
ENSG00000093217	21.4651263590963	-7.73256317954813	3	29.4651263590963
ENSG00000189046	27.7879000918134	-10.8939500459067	3	35.7879000918134
ENSG00000163162	50.8519856819619	-22.4259928409809	3	58.8519856819619
ENSG00000189043	113.862828646096	-53.9314143230479	3	121.862828646096
ENSG00000065427	74.373693973611	-34.1868469868055	3	82.373693973611
ENSG00000163166	43.6043829530697	-18.8021914765349	3	51.6043829530697
ENSG00000185499	33.109403893161	-13.5547019465805	3	41.109403893161
ENSG00000167118	82.2529240973555	-38.1264620486778	3	90.2529240973555
ENSG00000111670	67.9673781259242	-30.9836890629621	3	75.9673781259242
ENSG00000112787	37.5266942294102	-15.7633471147051	3	45.5266942294102
ENSG00000211460	48.4085281616817	-21.2042640808409	3	56.4085281616817
ENSG00000135686	39.4796665968017	-16.7398332984009	3	47.4796665968017
ENSG00000142484	2.42043570999729	1.78978214500135	3	10.4204357099973
ENSG00000068079	42.3304354741159	-18.165217737058	3	50.3304354741159
ENSG00000276410	63.7658446860475	-28.8829223430238	3	71.7658446860475
ENSG00000022976	21.5498723809585	-7.77493619047925	3	29.5498723809585
ENSG00000163154	32.7855159693997	-13.3927579846999	3	40.7855159693997
ENSG00000102978	49.450772577702	-21.725386288851	3	57.450772577702
ENSG00000102977	27.435034440851	-10.7175172204255	3	35.435034440851
ENSG00000156304	31.6810650155425	-12.8405325077712	3	39.6810650155425
ENSG00000039523	38.1182124637073	-16.0591062318537	3	46.1182124637073
ENSG00000102970	49.6540370451521	-21.8270185225761	3	57.6540370451521
ENSG00000214160	34.5853559366036	-14.2926779683018	3	42.5853559366036
ENSG00000109944	22.9802544480793	-8.49012722403965	3	30.9802544480793
ENSG00000109943	2.7842973570118	1.6078513214941	3	10.7842973570118
ENSG00000048405	43.6757967021054	-18.8378983510527	3	51.6757967021054
ENSG00000123364	3.46495792526676	1.26752103736662	3	11.4649579252668
ENSG00000068394	31.7510788279943	-12.8755394139971	3	39.7510788279943
ENSG00000176261	55.2837043501078	-24.6418521750539	3	63.2837043501078
ENSG00000146070	57.6945986350492	-25.8472993175246	3	65.6945986350492
ENSG00000136883	-1.20411461603245	3.60205730801622	3	6.79588538396755
ENSG00000136888	95.8862989769784	-44.9431494884892	3	103.886298976978
ENSG00000177791	76.4089646816544	-35.2044823408272	3	84.4089646816544
ENSG00000105197	43.0253667412347	-18.5126833706173	3	51.0253667412347
ENSG00000158786	15.0415724791997	-4.52078623959984	3	23.0415724791997
ENSG00000188931	38.2086792182646	-16.1043396091323	3	46.2086792182646
ENSG00000182372	35.6193222463989	-14.8096611231995	3	43.6193222463989
ENSG00000162694	47.0374333001922	-20.5187166500961	3	55.0374333001922
ENSG00000162695	57.1703508752893	-25.5851754376447	3	65.1703508752893
ENSG00000188937	-15.9455531894354	10.9727765947177	3	-7.94555318943537
ENSG00000070785	44.3028730876723	-19.1514365438362	3	52.3028730876723
ENSG00000157017	20.3104952721539	-7.15524763607694	3	28.3104952721539
ENSG00000078237	46.5497783990443	-20.2748891995222	3	54.5497783990443
ENSG00000132950	63.479415988922	-28.739707994461	3	71.479415988922
ENSG00000146250	30.7201999816854	-12.3600999908427	3	38.7201999816854
ENSG00000067836	44.7164897717304	-19.3582448858652	3	52.7164897717304
ENSG00000115604	33.2012859134114	-13.6006429567057	3	41.2012859134114
ENSG00000115607	14.8960913966758	-4.4480456983379	3	22.8960913966758
ENSG00000184060	36.9168532937238	-15.4584266468619	3	44.9168532937238
ENSG00000115353	29.5467360866798	-11.7733680433399	3	37.5467360866798
ENSG00000115602	39.9800916436487	-16.9900458218243	3	47.9800916436487
ENSG00000163344	49.2547886421299	-21.627394321065	3	57.2547886421299
ENSG00000163347	34.9870216062237	-14.4935108031119	3	42.9870216062237
ENSG00000168461	54.315750828552	-24.157875414276	3	62.315750828552
ENSG00000187260	22.8527183190304	-8.42635915951518	3	30.8527183190304
ENSG00000162438	8.74929168560238	-1.37464584280119	3	16.7492916856024
ENSG00000187266	14.2792141373816	-4.13960706869079	3	22.2792141373816
ENSG00000162437	68.7460162406749	-31.3730081203375	3	76.7460162406749
ENSG00000162430	32.7716440163849	-13.3858220081925	3	40.7716440163849
ENSG00000112379	15.3060954915109	-4.65304774575543	3	23.3060954915109
ENSG00000162344	-20.1296084519556	13.0648042259778	3	-12.1296084519556
ENSG00000118922	30.742700909313	-12.3713504546565	3	38.742700909313
ENSG00000170632	55.5297609734259	-24.764880486713	3	63.5297609734259
ENSG00000088038	34.7636533202039	-14.3818266601019	3	42.7636533202039
ENSG00000186792	20.0809356539147	-7.04046782695736	3	28.0809356539147
ENSG00000108010	67.5949656568531	-30.7974828284265	3	75.5949656568531
ENSG00000126467	49.2099426879919	-21.6049713439959	3	57.2099426879919
ENSG00000088035	31.8204424051087	-12.9102212025544	3	39.8204424051087
ENSG00000151948	19.5499275135209	-6.77496375676045	3	27.5499275135209
ENSG00000119523	39.0950573564003	-16.5475286782001	3	47.0950573564003
ENSG00000138668	63.7790304585671	-28.8895152292835	3	71.7790304585671
ENSG00000133106	54.9263320214357	-24.4631660107178	3	62.9263320214357
ENSG00000133104	66.4208320346426	-30.2104160173213	3	74.4208320346426
ENSG00000138663	54.4170740114358	-24.2085370057179	3	62.4170740114358
ENSG00000137135	23.057249852019	-8.52862492600951	3	31.057249852019
ENSG00000133101	-9.08565124007397	7.54282562003698	3	-1.08565124007397
ENSG00000112511	42.1204397509591	-18.0602198754796	3	50.1204397509591
ENSG00000112514	60.2126447509594	-27.1063223754797	3	68.2126447509594
ENSG00000158050	43.9064496089707	-18.9532248044854	3	51.9064496089707
ENSG00000265972	107.34968403273	-50.6748420163652	3	115.34968403273
ENSG00000147853	77.1298258693323	-35.5649129346662	3	85.1298258693323
ENSG00000151790	28.5887924195084	-11.2943962097542	3	36.5887924195084
ENSG00000185681	21.2948840508552	-7.64744202542758	3	29.2948840508552
ENSG00000101473	37.8333651851425	-15.9166825925712	3	45.8333651851425
ENSG00000185689	20.0220789893687	-7.01103949468433	3	28.0220789893687
ENSG00000154277	60.5577756153781	-27.2788878076891	3	68.5577756153781
ENSG00000101474	90.6861292579945	-42.3430646289972	3	98.6861292579945
ENSG00000137869	39.2339530319502	-16.6169765159751	3	47.2339530319502
ENSG00000137868	30.6146032249507	-12.3073016124754	3	38.6146032249507
ENSG00000164978	67.8645993844329	-30.9322996922164	3	75.8645993844329
ENSG00000164972	19.2748255665481	-6.63741278327407	3	27.2748255665481
ENSG00000138592	43.1438233839762	-18.5719116919881	3	51.1438233839762
ENSG00000138593	57.9239309827618	-25.9619654913809	3	65.9239309827618
ENSG00000242802	20.985358666309	-7.4926793331545	3	28.985358666309
ENSG00000164975	45.958338084896	-19.979169042448	3	53.958338084896
ENSG00000061936	45.366845341996	-19.683422670998	3	53.366845341996
ENSG00000011347	23.137940081372	-8.56897004068599	3	31.137940081372
ENSG00000180834	60.8431600410904	-27.4215800205452	3	68.8431600410904
ENSG00000186132	71.6183303813068	-32.8091651906534	3	79.6183303813068
ENSG00000186130	28.092400014703	-11.0462000073515	3	36.092400014703
ENSG00000113356	48.3638635748514	-21.1819317874257	3	56.3638635748514
ENSG00000145757	39.2014083082227	-16.6007041541113	3	47.2014083082227
ENSG00000165370	-37.3866881771969	21.6933440885984	3	-29.3866881771969
ENSG00000165376	13.175609772879	-3.5878048864395	3	21.175609772879
ENSG00000154096	79.8497593481883	-36.9248796740941	3	87.8497593481883
ENSG00000101695	60.7056004212495	-27.3528002106247	3	68.7056004212495
ENSG00000030582	65.6597148004165	-29.8298574002082	3	73.6597148004165
ENSG00000154099	-1.68086891803872	3.84043445901936	3	6.31913108196128
ENSG00000076201	32.8078681809404	-13.4039340904702	3	40.8078681809404
ENSG00000116874	26.4566691223798	-10.2283345611899	3	34.4566691223798
ENSG00000257008	22.4357271567426	-8.21786357837131	3	30.4357271567426
ENSG00000116871	54.8017904499643	-24.4008952249822	3	62.8017904499643
ENSG00000179456	36.6365815734385	-15.3182907867192	3	44.6365815734385
ENSG00000179454	36.9894223794923	-15.4947111897462	3	44.9894223794923
ENSG00000161618	34.8459152793154	-14.4229576396577	3	42.8459152793154
ENSG00000130159	42.6615741301394	-18.3307870650697	3	50.6615741301394
ENSG00000085274	42.4601997215795	-18.2300998607898	3	50.4601997215795
ENSG00000006744	48.6987816615109	-21.3493908307555	3	56.6987816615109
ENSG00000158270	56.7382646582911	-25.3691323291455	3	64.7382646582911
ENSG00000133818	61.9045581822594	-27.9522790911297	3	69.9045581822594
ENSG00000149308	37.9336887412108	-15.9668443706054	3	45.9336887412108
ENSG00000159111	45.3834087792362	-19.6917043896181	3	53.3834087792362
ENSG00000104312	39.7620412202992	-16.8810206101496	3	47.7620412202992
ENSG00000163577	40.3600209112035	-17.1800104556017	3	48.3600209112035
ENSG00000103343	13.3373266496378	-3.6686633248189	3	21.3373266496378
ENSG00000107669	52.1716158911195	-23.0858079455598	3	60.1716158911195
ENSG00000041353	30.157109141448	-12.078554570724	3	38.157109141448
ENSG00000181322	6.79374595530747	-0.396872977653736	3	14.7937459553075
ENSG00000170689	-3.31346286787019	4.6567314339351	3	4.68653713212981
ENSG00000125484	36.9727140685838	-15.4863570342919	3	44.9727140685838
ENSG00000125864	24.6875845190538	-9.3437922595269	3	32.6875845190538
ENSG00000170681	47.1525374691222	-20.5762687345611	3	55.1525374691222
ENSG00000125482	32.1425141118675	-13.0712570559338	3	40.1425141118675
ENSG00000114446	45.6629783664481	-19.8314891832241	3	53.6629783664481
ENSG00000156535	52.5876024800356	-23.2938012400178	3	60.5876024800356
ENSG00000242114	20.0321978438004	-7.01609892190019	3	28.0321978438004
ENSG00000164023	43.8388722565857	-18.9194361282929	3	51.8388722565857
ENSG00000198700	43.9311369570892	-18.9655684785446	3	51.9311369570892
ENSG00000198707	43.0933052835245	-18.5466526417622	3	51.0933052835245
ENSG00000164024	41.0934776119914	-17.5467388059957	3	49.0934776119914
ENSG00000178057	60.239373106975	-27.1196865534875	3	68.239373106975
ENSG00000060339	50.6970149765189	-22.3485074882595	3	58.6970149765189
ENSG00000155324	41.8515326261438	-17.9257663130719	3	49.8515326261438
ENSG00000120509	70.1392193536878	-32.0696096768439	3	78.1392193536878
ENSG00000100122	10.630328071526	-2.31516403576302	3	18.630328071526
ENSG00000182963	37.9802444228574	-15.9901222114287	3	45.9802444228574
ENSG00000120500	20.8118148491893	-7.40590742459464	3	28.8118148491893
ENSG00000120053	46.0169353837435	-20.0084676918717	3	54.0169353837435
ENSG00000120054	12.8427474599182	-3.42137372995907	3	20.8427474599182
ENSG00000197705	12.0003764891493	-3.00018824457466	3	20.0003764891493
ENSG00000012660	87.3600923052267	-40.6800461526133	3	95.3600923052267
ENSG00000103160	30.437184283843	-12.2185921419215	3	38.437184283843
ENSG00000140948	35.1812886917167	-14.5906443458584	3	43.1812886917167
ENSG00000123552	42.6793782126356	-18.3396891063178	3	50.6793782126356
ENSG00000037757	43.7729379153053	-18.8864689576527	3	51.7729379153053
ENSG00000147592	53.6937901805898	-23.8468950902949	3	61.6937901805898
ENSG00000155755	50.1720889686758	-22.0860444843379	3	58.1720889686758
ENSG00000140943	49.1118860770658	-21.5559430385329	3	57.1118860770658
ENSG00000170537	14.643803807108	-4.32190190355401	3	22.643803807108
ENSG00000155754	17.1292667054067	-5.56463335270336	3	25.1292667054067
ENSG00000150773	27.9950470451153	-10.9975235225576	3	35.9950470451153
ENSG00000110446	35.0869243467328	-14.5434621733664	3	43.0869243467328
ENSG00000156795	44.5455698874562	-19.2727849437281	3	52.5455698874562
ENSG00000129226	56.5517460585458	-25.2758730292729	3	64.5517460585458
ENSG00000110442	61.4507874954571	-27.7253937477286	3	69.4507874954571
ENSG00000065308	40.4697074526388	-17.2348537263194	3	48.4697074526388
ENSG00000167619	7.59622949828199	-0.798114749140993	3	15.596229498282
ENSG00000143363	31.1226716065221	-12.5613358032611	3	39.1226716065221
ENSG00000167613	54.2544493620351	-24.1272246810175	3	62.2544493620351
ENSG00000167612	10.8838380333829	-2.44191901669144	3	18.8838380333829
ENSG00000013392	35.9779654606941	-14.9889827303471	3	43.9779654606941
ENSG00000143368	29.8687998990457	-11.9343999495229	3	37.8687998990457
ENSG00000167615	45.9781423094605	-19.9890711547302	3	53.9781423094605
ENSG00000167614	15.3088183250784	-4.65440916253921	3	23.3088183250784
ENSG00000241973	46.7100028827566	-20.3550014413783	3	54.7100028827566
ENSG00000171951	-10.4659734262284	8.23298671311422	3	-2.46597342622844
ENSG00000111860	45.4095934108296	-19.7047967054148	3	53.4095934108296
ENSG00000111863	53.1277138782671	-23.5638569391336	3	61.1277138782671
ENSG00000256061	18.3415847362387	-6.17079236811933	3	26.3415847362387
ENSG00000083845	103.150455953459	-48.5752279767293	3	111.150455953459
ENSG00000096093	40.788614438319	-17.3943072191595	3	48.788614438319
ENSG00000178460	16.1775027919925	-5.08875139599625	3	24.1775027919925
ENSG00000178467	31.0876422935105	-12.5438211467552	3	39.0876422935105
ENSG00000177602	16.2961586301355	-5.14807931506777	3	24.2961586301355
ENSG00000237412	-25.2212571997033	15.6106285998517	3	-17.2212571997033
ENSG00000196711	10.3283243621558	-2.16416218107791	3	18.3283243621558
ENSG00000262406	47.2560517205057	-20.6280258602528	3	55.2560517205057
ENSG00000211584	84.2397891829411	-39.1198945914705	3	92.2397891829411
ENSG00000132196	51.8551170659652	-22.9275585329826	3	59.8551170659652
ENSG00000186212	12.8401848776968	-3.42009243884842	3	20.8401848776968
ENSG00000177302	39.1491341961824	-16.5745670980912	3	47.1491341961824
ENSG00000152936	37.0854344720589	-15.5427172360295	3	45.0854344720589
ENSG00000143942	37.2480716462328	-15.6240358231164	3	45.2480716462328
ENSG00000105699	50.8053201675478	-22.4026600837739	3	58.8053201675478
ENSG00000105698	58.2855957347344	-26.1427978673672	3	66.2855957347344
ENSG00000205899	21.1387076682704	-7.56935383413519	3	29.1387076682704
ENSG00000111241	-19.9375272974831	12.9687636487415	3	-11.9375272974831
ENSG00000139410	40.9854978894072	-17.4927489447036	3	48.9854978894072
ENSG00000111247	22.7327647086878	-8.36638235434392	3	30.7327647086878
ENSG00000142546	43.5544930843606	-18.7772465421803	3	51.5544930843606
ENSG00000135744	84.943496522474	-39.471748261237	3	92.943496522474
ENSG00000135966	22.8749639982887	-8.43748199914435	3	30.8749639982887
ENSG00000135211	71.8529964870369	-32.9264982435184	3	79.8529964870369
ENSG00000062650	51.9064185994252	-22.9532092997126	3	59.9064185994252
ENSG00000135968	52.841956762247	-23.4209783811235	3	60.841956762247
ENSG00000123080	59.7917903015895	-26.8958951507948	3	67.7917903015895
ENSG00000165617	40.7841553857458	-17.3920776928729	3	48.7841553857458
ENSG00000149575	19.6889610907235	-6.84448054536173	3	27.6889610907235
ENSG00000132773	37.1198894369026	-15.5599447184513	3	45.1198894369026
ENSG00000136436	75.2322322197018	-34.6161161098509	3	83.2322322197018
ENSG00000129596	109.678204392016	-51.8391021960081	3	117.678204392016
ENSG00000129595	59.8067291910423	-26.9033645955212	3	67.8067291910423
ENSG00000197043	69.2263900389241	-31.6131950194621	3	77.2263900389241
ENSG00000187773	-6.06851596066602	6.03425798033301	3	1.93148403933398
ENSG00000163754	56.9111505361942	-25.4555752680971	3	64.9111505361942
ENSG00000163755	39.936159125895	-16.9680795629475	3	47.936159125895
ENSG00000153015	40.9691333543111	-17.4845666771556	3	48.9691333543111
ENSG00000141934	43.2627192374808	-18.6313596187404	3	51.2627192374808
ENSG00000141933	34.124805890036	-14.062402945018	3	42.124805890036
ENSG00000172071	32.8721211492684	-13.4360605746342	3	40.8721211492684
ENSG00000127252	37.2842957195855	-15.6421478597928	3	45.2842957195855
ENSG00000179331	28.6191389593657	-11.3095694796828	3	36.6191389593657
ENSG00000141744	11.8106938881548	-2.90534694407742	3	19.8106938881548
ENSG00000172171	35.0859686159418	-14.5429843079709	3	43.0859686159418
ENSG00000172175	39.3956145359128	-16.6978072679564	3	47.3956145359128
ENSG00000130701	13.3923015656571	-3.69615078282857	3	21.3923015656571
ENSG00000066827	25.8701582336485	-9.93507911682423	3	33.8701582336485
ENSG00000114742	45.3998341131668	-19.6999170565834	3	53.3998341131668
ENSG00000114745	48.6109686531885	-21.3054843265943	3	56.6109686531885
ENSG00000114744	54.5577724759006	-24.2788862379503	3	62.5577724759006
ENSG00000115165	45.4489596951635	-19.7244798475817	3	53.4489596951635
ENSG00000115163	24.537302714998	-9.26865135749902	3	32.537302714998
ENSG00000122863	39.4552333548405	-16.7276166774202	3	47.4552333548405
ENSG00000112742	11.9114138288508	-2.95570691442539	3	19.9114138288508
ENSG00000187848	-8.53286921321547	7.26643460660774	3	-0.532869213215474
ENSG00000143614	44.1085376590743	-19.0542688295371	3	52.1085376590743
ENSG00000152492	68.7014949956148	-31.3507474978074	3	76.7014949956148
ENSG00000152495	25.4098945604263	-9.70494728021314	3	33.4098945604263
ENSG00000158636	41.5134964475304	-17.7567482237652	3	49.5134964475304
ENSG00000143340	4.65052326755246	0.674738366223771	3	12.6505232675525
ENSG00000101868	35.2304622911034	-14.6152311455517	3	43.2304622911034
ENSG00000158186	69.0654586000309	-31.5327293000154	3	77.0654586000309
ENSG00000138435	10.7624641180838	-2.38123205904191	3	18.7624641180838
ENSG00000116685	38.0886553975464	-16.0443276987732	3	46.0886553975464
ENSG00000172794	2.50659356809779	1.7467032159511	3	10.5065935680978
ENSG00000138439	38.0213551894969	-16.0106775947484	3	46.0213551894969
ENSG00000198542	71.0907048307715	-32.5453524153858	3	79.0907048307715
ENSG00000127951	75.565438158785	-34.7827190793925	3	83.565438158785
ENSG00000159322	44.8875838105007	-19.4437919052504	3	52.8875838105007
ENSG00000070193	50.8115016855482	-22.4057508427741	3	58.8115016855482
ENSG00000070190	26.9767090870494	-10.4883545435247	3	34.9767090870494
ENSG00000104129	51.4803564585868	-22.7401782292934	3	59.4803564585868
ENSG00000182149	62.7998216425366	-28.3999108212683	3	70.7998216425366
ENSG00000173227	15.1554689599749	-4.57773447998745	3	23.1554689599749
ENSG00000173226	28.1715133521955	-11.0857566760977	3	36.1715133521955
ENSG00000122025	14.2085848234074	-4.10429241170372	3	22.2085848234074
ENSG00000122756	47.2253293566684	-20.6126646783342	3	55.2253293566684
ENSG00000173221	86.5850107828985	-40.2925053914493	3	94.5850107828985
ENSG00000164619	38.5753399480958	-16.2876699740479	3	46.5753399480958
ENSG00000236104	30.4507622488003	-12.2253811244002	3	38.4507622488003
ENSG00000196396	34.1530506589689	-14.0765253294844	3	42.1530506589689
ENSG00000137478	48.3886653791047	-21.1943326895523	3	56.3886653791047
ENSG00000125255	6.46100468745476	-0.230502343727378	3	14.4610046874548
ENSG00000196937	53.4017647086116	-23.7008823543058	3	61.4017647086116
ENSG00000137473	18.0838267871798	-6.04191339358989	3	26.0838267871798
ENSG00000169410	45.337299000668	-19.668649500334	3	53.337299000668
ENSG00000196428	39.5404232469123	-16.7702116234562	3	47.5404232469123
ENSG00000174799	31.3914811451605	-12.6957405725802	3	39.3914811451605
ENSG00000171811	6.90610493870114	-0.453052469350571	3	14.9061049387011
ENSG00000181826	48.0917834000714	-21.0458917000357	3	56.0917834000714
ENSG00000181827	32.9588404562192	-13.4794202281096	3	40.9588404562192
ENSG00000164708	84.5911816568967	-39.2955908284484	3	92.5911816568967
ENSG00000143816	29.4552783130968	-11.7276391565484	3	37.4552783130968
ENSG00000168904	59.3749494708323	-26.6874747354162	3	67.3749494708323
ENSG00000147164	60.6554581769209	-27.3277290884605	3	68.6554581769209
ENSG00000077348	42.4323643354228	-18.2161821677114	3	50.4323643354228
ENSG00000204314	13.575579642762	-3.78778982138102	3	21.575579642762
ENSG00000204316	39.2196499103722	-16.6098249551861	3	47.2196499103722
ENSG00000204310	81.7537950489806	-37.8768975244903	3	89.7537950489806
ENSG00000204311	22.6554331161743	-8.32771655808716	3	30.6554331161743
ENSG00000166794	89.7661293975784	-41.8830646987892	3	97.7661293975784
ENSG00000178199	9.25895243518499	-1.6294762175925	3	17.258952435185
ENSG00000196642	80.19133186067	-37.095665930335	3	88.19133186067
ENSG00000174243	47.2330762671103	-20.6165381335552	3	55.2330762671103
ENSG00000072042	42.2962875756413	-18.1481437878206	3	50.2962875756413
ENSG00000163155	33.4120935596032	-13.7060467798016	3	41.4120935596032
ENSG00000115866	56.2210615639729	-25.1105307819865	3	64.2210615639729
ENSG00000167105	-0.398389776047867	3.19919488802393	3	7.60161022395213
ENSG00000182557	10.2298636534352	-2.11493182671762	3	18.2298636534352
ENSG00000182551	82.8611945172873	-38.4305972586437	3	90.8611945172873
ENSG00000104783	27.1848081676326	-10.5924040838163	3	35.1848081676326
ENSG00000182552	51.2044202540584	-22.6022101270292	3	59.2044202540584
ENSG00000005156	35.0879984076636	-14.5439992038318	3	43.0879984076636
ENSG00000159588	34.8833350024789	-14.4416675012394	3	42.8833350024789
ENSG00000117598	9.46230334348007	-1.73115167174003	3	17.4623033434801
ENSG00000166986	51.5722477132558	-22.7861238566279	3	59.5722477132558
ENSG00000151148	39.5510049053358	-16.7755024526679	3	47.5510049053358
ENSG00000117593	23.726699500049	-8.8633497500245	3	31.726699500049
ENSG00000117592	87.5058585530913	-40.7529292765457	3	95.5058585530913
ENSG00000167100	1.40031840646188	2.29984079676906	3	9.40031840646188
ENSG00000117597	35.4809324525438	-14.7404662262719	3	43.4809324525438
ENSG00000117595	48.1075766488686	-21.0537883244343	3	56.1075766488686
ENSG00000117594	74.3896288348945	-34.1948144174473	3	82.3896288348945
ENSG00000099810	43.9158757774979	-18.9579378887489	3	51.9158757774979
ENSG00000228607	-30.1386766215009	18.0693383107505	3	-22.1386766215009
ENSG00000106785	18.3568347215827	-6.17841736079135	3	26.3568347215827
ENSG00000150637	25.6239476771121	-9.81197383855606	3	33.6239476771121
ENSG00000100804	76.2199911544903	-35.1099955772451	3	84.2199911544903
ENSG00000101265	36.7687955207672	-15.3843977603836	3	44.7687955207672
ENSG00000150630	36.938699258581	-15.4693496292905	3	44.938699258581
ENSG00000104870	75.1990054221774	-34.5995027110887	3	83.1990054221774
ENSG00000104872	50.2691410858572	-22.1345705429286	3	58.2691410858572
ENSG00000175264	50.7963714066401	-22.39818570332	3	58.7963714066401
ENSG00000175267	16.9522644690759	-5.47613223453794	3	24.9522644690759
ENSG00000151320	21.7004062917357	-7.85020314586787	3	29.7004062917357
ENSG00000151327	65.4103746494075	-29.7051873247037	3	73.4103746494075
ENSG00000183798	-8.20480071637082	7.10240035818541	3	-0.204800716370825
ENSG00000089199	-3.95260020225245	4.97630010112623	3	4.04739979774755
ENSG00000172382	-0.259758495514384	3.12987924775719	3	7.74024150448562
ENSG00000140718	52.6390050072197	-23.3195025036099	3	60.6390050072197
ENSG00000125037	68.1407502921968	-31.0703751460984	3	76.1407502921968
ENSG00000170236	25.3279325480348	-9.66396627401739	3	33.3279325480348
ENSG00000170231	-11.2752058909936	8.63760294549678	3	-3.27520589099356
ENSG00000136940	38.8797012767921	-16.4398506383961	3	46.8797012767921
ENSG00000198130	68.81217631287	-31.406088156435	3	76.81217631287
ENSG00000198133	33.4799512848835	-13.7399756424417	3	41.4799512848835
ENSG00000175048	34.6470185309571	-14.3235092654785	3	42.6470185309571
ENSG00000197119	38.2386749658739	-16.119337482937	3	46.2386749658739
ENSG00000018510	56.3541139586059	-25.1770569793029	3	64.3541139586059
ENSG00000197114	46.0225092594879	-20.0112546297439	3	54.0225092594879
ENSG00000171540	-24.7691002729069	15.3845501364535	3	-16.7691002729069
ENSG00000124615	45.376712712477	-19.6883563562385	3	53.376712712477
ENSG00000179796	22.2233549314261	-8.11167746571303	3	30.2233549314261
ENSG00000161860	17.5235839640969	-5.76179198204845	3	25.5235839640969
ENSG00000135517	34.1232521572243	-14.0616260786121	3	42.1232521572243
ENSG00000161243	47.3024223728597	-20.6512111864299	3	55.3024223728597
ENSG00000185024	39.4868354321859	-16.7434177160929	3	47.4868354321859
ENSG00000185022	68.9040319771159	-31.452015988558	3	76.9040319771159
ENSG00000119125	79.1421880397988	-36.5710940198994	3	87.1421880397988
ENSG00000140577	54.28528555746	-24.14264277873	3	62.28528555746
ENSG00000185028	21.8323346122933	-7.91616730614665	3	29.8323346122933
ENSG00000180628	62.4431769944966	-28.2215884972483	3	70.4431769944966
ENSG00000110871	45.7149021856872	-19.8574510928436	3	53.7149021856872
ENSG00000167851	26.4180654002303	-10.2090327001152	3	34.4180654002303
ENSG00000189023	-23.0276669072938	14.5138334536469	3	-15.0276669072938
ENSG00000240505	21.9575028016832	-7.97875140084162	3	29.9575028016832
ENSG00000111652	48.7499499785276	-21.3749749892638	3	56.7499499785276
ENSG00000111653	56.9070760545057	-25.4535380272528	3	64.9070760545057
ENSG00000092094	44.7162473911607	-19.3581236955803	3	52.7162473911607
ENSG00000180998	4.30241418133062	0.848792909334688	3	12.3024141813306
ENSG00000068097	34.235391686768	-14.117695843384	3	42.235391686768
ENSG00000114023	74.4258923966831	-34.2129461983415	3	82.4258923966831
ENSG00000114021	61.591413701212	-27.795706850606	3	69.591413701212
ENSG00000114026	29.2753901135479	-11.637695056774	3	37.2753901135479
ENSG00000176798	-9.32672955041555	7.66336477520778	3	-1.32672955041555
ENSG00000133665	9.73051654385562	-1.86525827192781	3	17.7305165438556
ENSG00000156671	42.4391676960294	-18.2195838480147	3	50.4391676960294
ENSG00000106436	14.5186100376635	-4.25930501883177	3	22.5186100376635
ENSG00000109787	40.5668188096552	-17.2834094048276	3	48.5668188096552
ENSG00000105202	55.4317542524996	-24.7158771262498	3	63.4317542524996
ENSG00000112115	17.6260663745681	-5.81303318728407	3	25.6260663745681
ENSG00000163806	8.81449133821727	-1.40724566910863	3	16.8144913382173
ENSG00000123342	63.9830924297206	-28.9915462148603	3	71.9830924297206
ENSG00000176531	21.8605304194175	-7.93026520970877	3	29.8605304194175
ENSG00000132563	31.5153098341229	-12.7576549170615	3	39.5153098341229
ENSG00000132561	49.5811745669709	-21.7905872834854	3	57.5811745669709
ENSG00000146013	40.2490429845162	-17.1245214922581	3	48.2490429845162
ENSG00000056558	35.1893369371909	-14.5946684685954	3	43.1893369371909
ENSG00000184260	96.7849113843406	-45.3924556921703	3	104.784911384341
ENSG00000166681	68.6647821288508	-31.3323910644254	3	76.6647821288508
ENSG00000167136	42.6541563421528	-18.3270781710764	3	50.6541563421528
ENSG00000163106	39.8872898522641	-16.9436449261321	3	47.8872898522641
ENSG00000167130	26.4047864748872	-10.2023932374436	3	34.4047864748872
ENSG00000163104	39.4867455099634	-16.7433727549817	3	47.4867455099634
ENSG00000249481	23.1051175131906	-8.55255875659528	3	31.1051175131906
ENSG00000166558	14.17286165044	-4.08643082521999	3	22.17286165044
ENSG00000144524	20.7008920191154	-7.35044600955772	3	28.7008920191154
ENSG00000188778	22.051411806695	-8.02570590334748	3	30.051411806695
ENSG00000241106	28.5322628799737	-11.2661314399868	3	36.5322628799737
ENSG00000172548	-13.8275932284953	9.91379661424764	3	-5.82759322849529
ENSG00000182310	27.9194022947407	-10.9597011473703	3	35.9194022947407
ENSG00000166557	58.5775607308575	-26.2887803654288	3	66.5775607308575
ENSG00000147724	-13.4318983119195	9.71594915595974	3	-5.43189831191949
ENSG00000188770	9.43159735531703	-1.71579867765852	3	17.431597355317
ENSG00000114686	60.0616383595697	-27.0308191797848	3	68.0616383595697
ENSG00000108788	46.4165944991295	-20.2082972495647	3	54.4165944991295
ENSG00000131187	0.257562315689667	2.87121884215517	3	8.25756231568967
ENSG00000108784	37.3586476646775	-15.6793238323388	3	45.3586476646775
ENSG00000083454	32.4678723520417	-13.2339361760209	3	40.4678723520417
ENSG00000184047	47.9522324097196	-20.9761162048598	3	55.9522324097196
ENSG00000106927	33.0308383005314	-13.5154191502657	3	41.0308383005314
ENSG00000099256	51.5289035271518	-22.7644517635759	3	59.5289035271518
ENSG00000168484	15.5808783408434	-4.79043917042172	3	23.5808783408434
ENSG00000069329	55.4984694598128	-24.7492347299064	3	63.4984694598128
ENSG00000162413	48.5653237128676	-21.2826618564338	3	56.5653237128676
ENSG00000118900	33.4615952797625	-13.7307976398813	3	41.4615952797625
ENSG00000162419	26.1293958986121	-10.064697949306	3	34.1293958986121
ENSG00000108561	64.5211588833042	-29.2605794416521	3	72.5211588833042
ENSG00000114978	65.9809800397029	-29.9904900198514	3	73.9809800397029
ENSG00000132386	84.783659706276	-39.391829853138	3	92.783659706276
ENSG00000132383	53.7132382440443	-23.8566191220222	3	61.7132382440443
ENSG00000132382	44.6444092982614	-19.3222046491307	3	52.6444092982614
ENSG00000145388	58.5391410584984	-26.2695705292492	3	66.5391410584984
ENSG00000077420	42.7212947096065	-18.3606473548032	3	50.7212947096065
ENSG00000119509	39.7897603733779	-16.894880186689	3	47.7897603733779
ENSG00000151929	54.5023881925398	-24.2511940962699	3	62.5023881925398
ENSG00000129472	57.0807696896382	-25.5403848448191	3	65.0807696896382
ENSG00000145384	17.3689467577166	-5.6844733788583	3	25.3689467577166
ENSG00000115084	60.3320821263274	-27.1660410631637	3	68.3320821263274
ENSG00000000003	53.3080924000757	-23.6540462000378	3	61.3080924000757
ENSG00000141540	28.0614330060343	-11.0307165030172	3	36.0614330060343
ENSG00000138600	60.0406845964562	-27.0203422982281	3	68.0406845964562
ENSG00000055208	55.1840532318106	-24.5920266159053	3	63.1840532318106
ENSG00000138606	21.1227244785691	-7.56136223928456	3	29.1227244785691
ENSG00000005893	81.4739858791685	-37.7369929395842	3	89.4739858791685
ENSG00000005238	35.5147183038621	-14.757359151931	3	43.5147183038621
ENSG00000157693	31.3003032193159	-12.650151609658	3	39.3003032193159
ENSG00000147872	79.7188847312599	-36.85944236563	3	87.7188847312599
ENSG00000136603	53.4820405320117	-23.7410202660059	3	61.4820405320117
ENSG00000153975	39.3335896334146	-16.6667948167073	3	47.3335896334146
ENSG00000101457	43.8942527076032	-18.9471263538016	3	51.8942527076032
ENSG00000101323	1.07153844390139	2.4642307780493	3	9.07153844390139
ENSG00000115884	44.7310236390738	-19.3655118195369	3	52.7310236390738
ENSG00000137806	37.6676692183945	-15.8338346091972	3	45.6676692183945
ENSG00000164953	26.5899961940004	-10.2949980970002	3	34.5899961940004
ENSG00000137804	39.988667202529	-16.9943336012645	3	47.988667202529
ENSG00000187242	-4.78082724296478	5.39041362148239	3	3.21917275703522
ENSG00000187535	21.748776578285	-7.87438828914252	3	29.748776578285
ENSG00000180210	12.7229938316578	-3.36149691582888	3	20.7229938316578
ENSG00000242866	5.51281499030032	0.243592504849839	3	13.5128149903003
ENSG00000109205	59.9123014315542	-26.9561507157771	3	67.9123014315542
ENSG00000186118	-1.46314410113601	3.731572050568	3	6.53685589886399
ENSG00000050344	32.4576162561087	-13.2288081280544	3	40.4576162561087
ENSG00000180817	76.2433718764415	-35.1216859382208	3	84.2433718764415
ENSG00000122254	6.2087605239621	-0.10438026198105	3	14.2087605239621
ENSG00000180818	25.0534723060678	-9.5267361530339	3	33.0534723060678
ENSG00000122257	44.5052980802677	-19.2526490401338	3	52.5052980802677
ENSG00000129048	68.1566484216778	-31.0783242108389	3	76.1566484216778
ENSG00000067365	41.9630965386051	-17.9815482693025	3	49.9630965386051
ENSG00000165392	36.2294316976883	-15.1147158488442	3	44.2294316976883
ENSG00000145730	72.3381306961202	-33.1690653480601	3	80.3381306961202
ENSG00000145734	50.828346094252	-22.414173047126	3	58.828346094252
ENSG00000125931	46.1412892564642	-20.0706446282321	3	54.1412892564642
ENSG00000148584	-7.07997567998067	6.53998783999033	3	0.920024320019333
ENSG00000174498	3.41857785559562	1.29071107220219	3	11.4185778555956
ENSG00000128311	66.7608062563941	-30.3804031281971	3	74.7608062563941
ENSG00000112539	8.60311135545417	-1.30155567772708	3	16.6031113554542
ENSG00000116670	53.5845671573376	-23.7922835786688	3	61.5845671573376
ENSG00000112531	74.0662668453839	-34.0331334226919	3	82.0662668453839
ENSG00000116679	87.5113044374541	-40.755652218727	3	95.5113044374541
ENSG00000116678	44.8248687397894	-19.4124343698947	3	52.8248687397894
ENSG00000116857	54.9965612921004	-24.4982806460502	3	62.9965612921004
ENSG00000073050	35.0987675006749	-14.5493837503374	3	43.0987675006749
ENSG00000140382	42.9834319456455	-18.4917159728228	3	50.9834319456455
ENSG00000145642	5.5523983016573	0.223800849171348	3	13.5523983016573
ENSG00000183891	49.0608294494353	-21.5304147247177	3	57.0608294494353
ENSG00000213760	12.1600123770803	-3.08000618854015	3	20.1600123770803
ENSG00000133835	76.9385139589763	-35.4692569794881	3	84.9385139589763
ENSG00000100324	30.0303138075392	-12.0151569037696	3	38.0303138075392
ENSG00000100325	49.9847812489995	-21.9923906244998	3	57.9847812489995
ENSG00000100320	48.974860579334	-21.487430289667	3	56.974860579334
ENSG00000104660	67.7895741234622	-30.8947870617311	3	75.7895741234622
ENSG00000100490	44.3996099198969	-19.1998049599484	3	52.3996099198969
ENSG00000107862	33.7805151416168	-13.8902575708084	3	41.7805151416168
ENSG00000103363	93.9203969244367	-43.9601984622183	3	101.920396924437
ENSG00000158828	70.0381992122335	-32.0190996061167	3	78.0381992122335
ENSG00000156804	74.526539568763	-34.2632697843815	3	82.526539568763
ENSG00000203791	45.2627519774347	-19.6313759887174	3	53.2627519774347
ENSG00000178033	34.0763027260679	-14.038151363034	3	42.0763027260679
ENSG00000164040	69.4250199969319	-31.712509998466	3	77.4250199969319
ENSG00000144063	53.8503316872917	-23.9251658436459	3	61.8503316872917
ENSG00000164045	24.6532026495464	-9.3266013247732	3	32.6532026495464
ENSG00000128310	-20.6030941433382	13.3015470716691	3	-12.6030941433382
ENSG00000164049	41.8659271006489	-17.9329635503244	3	49.8659271006489
ENSG00000178038	36.7769771621303	-15.3884885810652	3	44.7769771621303
ENSG00000197272	0.906012582772669	2.54699370861367	3	8.90601258277267
ENSG00000197273	-6.36756341033711	6.18378170516856	3	1.63243658966289
ENSG00000100142	83.0977081981855	-38.5488540990927	3	91.0977081981855
ENSG00000120071	46.3062147370726	-20.1531073685363	3	54.3062147370726
ENSG00000100146	47.5319603759237	-20.7659801879618	3	55.5319603759237
ENSG00000100147	28.5859169938043	-11.2929584969022	3	36.5859169938043
ENSG00000160818	39.7055529815562	-16.8527764907781	3	47.7055529815562
ENSG00000136895	33.8451253729598	-13.9225626864799	3	41.8451253729598
ENSG00000140968	56.9346064579449	-25.4673032289724	3	64.9346064579449
ENSG00000139438	-0.977221835876739	3.48861091793837	3	7.02277816412326
ENSG00000125755	29.1651207589975	-11.5825603794988	3	37.1651207589975
ENSG00000102891	2.21950321121254	1.89024839439373	3	10.2195032112125
ENSG00000181026	36.8129228076525	-15.4064614038262	3	44.8129228076525
ENSG00000102897	56.1261817789654	-25.0630908894827	3	64.1261817789654
ENSG00000168101	58.8616631840151	-26.4308315920075	3	66.8616631840151
ENSG00000198585	55.7104332822681	-24.8552166411341	3	63.7104332822681
ENSG00000189233	33.9848371518221	-13.9924185759111	3	41.9848371518221
ENSG00000065325	14.7421684024235	-4.37108420121177	3	22.7421684024235
ENSG00000065328	22.6990968332657	-8.34954841663284	3	30.6990968332657
ENSG00000198026	22.9427309302845	-8.47136546514225	3	30.9427309302845
ENSG00000143157	40.1636830597556	-17.0818415298778	3	48.1636830597556
ENSG00000079931	26.0763736362038	-10.0381868181019	3	34.0763736362038
ENSG00000169676	-29.9406433685072	17.9703216842536	3	-21.9406433685072
ENSG00000169679	17.8773209115284	-5.9386604557642	3	25.8773209115284
ENSG00000215114	38.5133109377331	-16.2566554688666	3	46.5133109377331
ENSG00000164512	14.127239674944	-4.063619837472	3	22.127239674944
ENSG00000013275	52.139755877213	-23.0698779386065	3	60.139755877213
ENSG00000102096	27.1336305169229	-10.5668152584614	3	35.1336305169229
ENSG00000178445	19.1305867381964	-6.56529336909819	3	27.1305867381964
ENSG00000133115	13.8542752342104	-3.92713761710522	3	21.8542752342104
ENSG00000175455	37.7710394034673	-15.8855197017336	3	45.7710394034673
ENSG00000197858	48.9823489759064	-21.4911744879532	3	56.9823489759064
ENSG00000175198	56.1291062041036	-25.0645531020518	3	64.1291062041036
ENSG00000131153	24.903771630282	-9.45188581514101	3	32.903771630282
ENSG00000103148	30.2255201470731	-12.1127600735366	3	38.2255201470731
